252 187 1 76

0 240 239 216 215 237 211 228 207 214 239 223 215 227 232 224 207 209 220 206 217 171 192 204 225 119 227 194 214 210 247 192 212 219 198 223 221 244 189 248 230 202 203 208 214 220 208 135 228 117 213 213 226 219 216 255 100 256 232 231 218 140 195 158 209 134 239 236 239 216 218 207 268 213 113 194 204 193 216 175 202 144 218 210 261 241 235 126 241 224 199 218 208 173 167 199 215 109 175 175 213 202 194 205 192 229 102 231 255 238 228 245 214 276 205 202 194 177 197 199 242 204 208 254 136 237 110 204 215 192 215 240 221 181 201 254 212 245 244 213 155 210 197 98 235 199 267 223 180 212 206 229 211 192 216 235 128 247 198 207 196 219 193 228 214 229 190 227 160 174 210 207 237 221 295 207 219 211 226 151 179 229 206 119 217 195 101 237 226 192 240 236 207 203 202 96 131 211 227 198 126 138 214 129 228 227 229 214 275 206 216 143 115 239 169 239 251 178 145 212 222 230 230 108 265 130 230 261 222 238 232 116 228 228 152 206 209 226 226 241 96 224 238 118 215 212 212 248 203 211 281 217
240 0 218 249 255 95 259 254 213 251 212 242 209 255 219 207 223 204 239 227 218 255 209 218 228 184 193 253 247 173 259 195 205 174 239 115 275 231 230 243 234 198 131 197 224 169 208 259 226 256 224 252 193 239 206 217 231 235 159 230 241 192 191 232 152 247 252 247 246 242 177 210 257 215 257 196 239 193 258 211 289 251 231 138 286 247 189 234 214 253 294 267 264 138 239 242 225 199 217 269 229 213 213 267 196 173 243 203 204 157 229 216 292 173 259 196 197 175 251 192 157 231 237 210 194 232 130 199 298 225 238 214 292 251 230 206 132 128 173 225 192 230 184 151 226 239 233 147 178 234 231 228 231 268 260 232 239 201 246 234 217 261 246 154 199 113 227 250 148 210 161 291 219 266 210 293 244 245 232 270 240 160 245 207 247 150 227 288 100 245 226 237 94 214 224 251 232 267 259 187 266 232 216 243 229 238 187 198 228 213 130 232 250 237 253 253 253 219 260 279 252 188 221 226 236 258 234 277 219 231 239 267 221 235 254 244 228 132 254 140 253 171 216 192 231 223 118 218 162 222 236 199
239 218 0 225 195 214 254 216 202 197 140 210 197 206 229 199 165 248 243 211 218 236 228 206 245 248 253 222 201 215 141 226 216 232 212 103 249 229 199 113 250 215 258 245 192 206 98 260 245 236 221 221 204 135 187 259 247 161 108 223 116 201 192 237 176 260 260 225 200 219 100 254 191 205 240 208 199 200 207 199 202 229 219 237 212 205 198 172 214 104 235 231 209 221 251 217 270 130 193 218 212 228 201 100 216 246 224 136 207 158 242 197 245 218 238 219 216 270 193 165 199 236 244 105 249 242 244 218 242 214 199 226 219 232 216 215 210 216 244 242 228 233 233 269 236 201 200 194 206 151 256 151 241 243 163 256 224 256 208 265 230 175 179 282 261 197 167 229 257 212 201 206 110 199 234 247 226 228 246 212 105 244 217 226 199 239 204 175 205 266 224 214 212 194 241 255 262 279 223 212 268 268 205 211 238 221 198 153 166 201 237 243 199 234 243 202 263 207 247 233 130 251 159 210 213 246 217 124 211 177 228 268 98 195 203 235 235 259 213 236 283 203 204 135 191 240 201 240 206 160 207 216
216 249 225 0 114 216 235 196 211 210 204 217 214 223 235 219 225 225 125 218 212 260 204 202 135 203 95 218 220 220 211 116 172 248 222 236 207 216 241 208 211 133 222 128 217 210 210 236 223 234 204 216 197 217 176 224 244 178 196 95 190 228 249 200 235 209 209 223 197 202 148 130 189 207 219 171 223 214 223 182 224 221 203 186 165 135 249 205 231 121 222 202 212 202 232 182 93 228 253 232 210 238 239 172 117 228 213 251 223 210 196 188 256 155 247 189 189 99 223 222 217 230 214 245 223 172 187 211 242 209 144 251 223 216 124 203 247 264 250 220 213 255 202 210 208 246 243 210 200 222 206 212 219 260 223 108 212 137 222 191 231 213 143 154 213 205 247 220 101 124 243 193 217 223 251 121 184 216 218 221 178 258 267 225 247 220 234 241 213 249 220 192 204 150 202 200 195 206 239 221 223 224 247 226 173 219 272 207 216 181 224 199 185 198 216 188 193 149 145 239 188 152 233 217 209 146 230 209 194 118 212 191 241 164 101 231 228 214 215 245 120 198 169 211 223 248 246 248 94 188 187 192
215 255 195 114 0 215 211 212 258 248 172 209 197 255 203 217 111 213 109 104 199 230 204 145 239 228 209 219 203 166 196 187 167 212 222 233 238 200 249 94 248 200 249 206 233 205 97 220 196 223 248 217 266 195 229 240 190 238 220 209 218 223 191 218 232 137 264 160 238 231 161 217 229 239 234 239 200 212 204 205 230 147 170 222 219 204 246 235 231 211 108 212 174 215 197 216 207 219 192 229 195 209 135 263 143 219 228 234 202 261 152 226 142 229 224 208 252 191 192 209 133 201 100 274 176 240 258 223 128 203 150 236 220 192 195 257 206 209 252 198 243 241 187 117 243 132 240 218 210 257 216 222 223 276 130 222 240 227 205 213 201 208 212 204 200 212 193 225 212 141 173 188 106 198 212 225 207 188 245 182 106 203 202 237 152 135 228 210 205 154 264 267 161 148 205 235 224 249 236 153 209 238 229 222 203 113 273 189 263 258 221 211 228 205 112 211 250 215 230 143 222 217 225 197 261 200 224 220 180 155 135 213 219 235 171 239 246 216 104 222 219 204 217 100 190 238 180 201 182 204 208 111
237 95 214 216 215 0 212 232 211 179 196 255 212 179 231 197 128 109 199 207 218 230 257 201 229 198 195 226 211 199 244 100 208 173 239 208 212 199 211 209 202 103 206 102 251 114 194 215 131 227 199 207 210 259 198 208 224 260 106 218 146 97 100 248 211 223 224 236 200 218 225 217 240 240 214 202 167 98 218 222 208 221 220 213 212 205 145 208 119 158 201 172 194 220 197 192 203 206 213 216 213 225 143 242 212 220 212 245 253 129 199 210 213 211 274 101 222 213 207 190 217 150 227 193 201 228 225 210 239 139 199 119 197 219 214 111 227 223 223 130 239 250 229 193 290 144 205 195 211 229 222 196 198 257 220 213 241 231 151 158 234 221 185 124 216 208 223 220 196 115 238 239 156 171 226 239 214 216 244 218 213 116 241 234 231 204 204 205 195 190 232 240 189 121 186 199 229 237 208 212 203 150 121 196 225 198 242 103 265 198 221 158 197 165 224 191 207 139 220 230 224 243 227 253 212 223 198 258 240 197 196 202 144 201 198 228 182 226 222 205 213 180 160 221 207 220 213 123 203 218 154 104
211 259 254 235 211 212 0 222 236 243 164 189 211 257 213 235 189 204 196 132 252 199 245 243 207 215 234 160 206 210 218 223 207 217 202 220 150 225 198 223 200 226 213 189 202 247 218 235 214 105 238 217 141 232 189 270 202 93 199 241 269 281 214 213 206 204 248 259 203 234 195 245 267 204 224 225 199 237 196 242 199 223 220 170 224 209 224 189 93 234 103 222 227 254 210 143 202 211 233 209 199 282 224 233 194 229 202 198 251 235 234 215 189 234 241 200 238 216 202 257 191 210 207 166 248 234 220 195 225 119 213 239 94 214 228 258 218 195 238 208 139 198 294 211 200 218 216 178 238 261 211 212 208 210 235 203 214 249 95 243 249 226 235 246 215 263 124 215 201 173 270 197 245 200 143 238 207 205 208 265 208 168 202 222 210 109 211 244 242 254 196 236 301 216 239 115 232 162 237 237 229 117 212 213 198 215 274 221 95 278 205 225 181 190 225 244 223 138 249 238 233 188 112 204 226 151 257 228 237 147 175 116 225 100 238 252 191 196 247 221 197 240 244 268 191 231 193 210 244 183 157 199
228 254 216 196 212 232 222 0 208 207 93 200 228 203 216 101 235 213 231 136 141 111 221 203 207 209 101 196 217 198 214 189 202 140 247 203 232 238 249 197 203 195 158 216 214 196 205 150 242 247 274 199 219 177 222 229 194 217 200 228 202 226 200 95 196 206 194 225 199 222 213 212 210 250 217 105 235 202 203 152 209 199 209 227 209 153 218 102 218 241 225 171 107 212 173 201 233 223 202 132 221 217 272 162 213 221 199 193 217 214 142 170 214 207 220 132 215 101 229 216 211 197 148 244 225 223 184 200 125 204 196 216 197 189 216 249 195 197 212 130 255 121 207 201 233 187 258 107 206 222 246 192 125 132 196 128 204 152 215 211 226 207 194 108 213 192 98 223 231 243 196 199 106 225 201 94 213 196 109 210 167 235 217 211 232 222 213 249 208 196 226 242 206 201 105 202 194 208 203 201 253 226 227 102 247 204 104 199 213 120 145 224 120 197 198 159 192 99 118 209 189 206 196 225 200 200 177 237 209 220 228 228 202 215 206 203 120 234 208 238 230 219 210 240 243 212 141 201 203 166 220 206
207 213 202 211 258 211 236 208 0 246 221 200 213 154 203 220 228 228 212 194 221 252 196 216 226 93 201 209 224 209 192 205 149 154 213 236 207 152 229 250 156 189 198 227 251 236 248 231 212 234 201 260 95 205 250 207 223 202 238 147 233 200 243 236 218 245 233 232 129 188 228 192 244 187 211 221 158 223 135 202 215 160 206 187 223 204 248 228 196 256 150 207 201 141 100 129 118 256 218 248 212 196 235 235 187 139 221 231 191 151 236 213 252 233 160 239 133 227 253 250 224 200 197 197 210 93 136 209 238 206 238 180 183 220 198 248 207 235 171 239 112 222 240 253 232 127 188 145 212 235 167 174 144 160 180 235 189 223 213 201 235 157 209 202 196 203 211 193 190 238 218 233 215 225 207 223 219 193 203 136 155 95 230 188 162 197 142 198 181 209 225 217 233 120 216 203 181 216 227 204 218 188 245 222 186 180 104 125 215 221 169 97 192 247 218 199 234 215 213 224 240 137 204 225 202 193 217 261 219 228 261 206 215 227 243 228 98 172 201 256 111 93 203 242 237 245 216 227 229 230 219 217
214 251 197 210 248 179 243 207 246 0 213 217 108 239 247 248 230 234 278 215 231 96 227 172 225 242 242 167 202 249 167 220 226 107 201 202 199 238 196 241 246 148 240 233 100 134 242 205 198 197 223 242 214 246 243 152 232 185 242 130 190 251 222 255 231 221 227 222 209 202 97 218 205 215 171 205 253 226 236 136 203 207 245 113 206 230 206 189 216 201 226 219 227 244 279 214 137 119 270 218 241 281 234 176 200 207 112 239 163 232 259 194 229 202 209 221 150 111 250 237 196 196 255 284 235 207 224 226 244 220 230 257 212 221 226 240 264 213 243 224 171 136 180 228 240 119 280 238 137 107 236 231 201 269 201 245 268 222 200 217 207 229 225 238 234 212 212 220 241 204 198 233 222 208 220 217 229 227 216 207 234 248 202 220 196 205 191 235 227 206 245 236 207 246 235 190 221 218 234 107 267 236 202 239 215 254 263 233 241 203 176 244 218 222 222 199 210 137 128 205 209 229 131 207 190 240 246 164 194 230 179 234 222 146 224 174 245 193 144 197 253 242 140 175 179 205 206 137 131 211 246 227
239 212 140 204 172 196 164 93 221 213 0 224 208 223 205 173 208 248 209 155 227 201 195 132 201 164 194 103 215 251 238 96 194 230 225 188 209 235 226 251 110 204 189 193 228 220 112 205 178 269 250 163 206 203 202 204 216 124 188 189 222 238 206 188 197 245 225 242 200 228 215 232 205 209 231 198 196 239 205 204 204 179 226 213 221 152 195 195 201 212 201 218 198 229 231 231 211 213 207 114 138 199 239 225 194 194 212 198 238 191 195 229 214 207 240 214 122 194 191 205 199 187 232 238 205 217 175 224 218 111 205 229 242 202 212 208 157 237 194 217 212 194 218 190 221 94 216 191 125 181 187 99 218 225 200 221 111 155 164 249 257 227 207 201 156 99 191 195 252 178 114 266 199 179 219 107 180 229 202 237 215 245 220 239 214 216 194 225 219 248 207 235 244 218 198 197 217 231 224 145 207 201 257 195 221 217 197 120 253 169 197 241 213 104 216 215 209 177 211 116 96 219 103 234 107 145 202 219 240 227 192 246 171 264 139 110 186 212 137 212 201 207 212 227 203 219 217 202 110 172 214 113
223 242 210 217 209 255 189 200 200 217 224 0 223 178 223 259 212 151 223 201 264 166 175 193 106 212 210 206 93 208 242 208 190 188 218 133 192 130 252 232 195 219 229 153 232 220 112 229 253 226 248 250 196 166 138 204 241 219 201 197 163 238 206 241 213 216 218 204 234 141 231 227 251 118 188 213 192 200 226 231 224 246 231 104 214 136 228 248 207 132 142 209 198 195 239 200 227 216 152 238 222 252 231 194 208 197 202 228 236 235 208 202 138 214 216 228 221 182 146 231 238 192 188 214 133 137 204 235 222 210 143 232 161 114 93 246 216 202 232 236 242 240 247 198 264 254 236 192 256 237 212 247 213 234 246 216 237 221 204 247 259 190 240 211 218 271 244 245 126 189 178 187 261 192 240 209 228 237 116 155 190 239 222 204 218 137 149 93 220 215 196 236 233 197 226 213 216 208 212 240 97 200 216 220 131 207 96 245 227 231 193 187 216 213 240 232 248 237 204 214 231 211 204 186 207 212 209 215 216 251 203 210 215 210 203 279 254 116 239 186 235 223 234 168 205 237 240 223 228 193 213 230
215 209 197 214 197 212 211 228 213 108 208 223 0 151 248 179 214 144 229 213 196 204 290 236 117 238 212 217 224 206 231 112 208 129 242 94 221 130 262 229 203 154 203 137 203 135 208 219 187 106 212 208 187 194 240 208 251 216 217 233 213 205 219 232 210 205 266 215 218 94 205 126 217 204 170 213 219 231 141 204 209 228 263 205 102 240 111 229 220 210 269 111 217 212 225 234 213 196 209 236 192 288 192 252 179 216 210 242 229 202 211 187 223 224 253 220 229 219 219 231 257 198 244 189 216 226 206 118 136 235 188 222 232 202 265 201 225 234 237 240 101 224 269 206 224 227 207 207 107 193 225 231 215 208 229 188 291 244 292 191 198 205 238 222 241 243 257 233 227 235 234 214 225 107 204 245 199 255 247 257 179 235 204 208 173 235 209 228 196 173 244 206 206 220 248 233 229 217 177 201 202 214 220 131 234 216 224 245 228 192 231 230 236 218 234 206 202 198 220 213 246 121 215 194 234 231 213 264 229 209 208 217 280 220 202 220 208 129 252 169 194 221 171 97 210 242 244 209 214 229 160 119
227 255 206 223 255 179 257 203 154 239 223 178 151 0 250 206 202 235 207 209 203 262 206 204 112 212 188 212 148 258 222 231 200 194 118 233 209 257 213 233 117 216 204 224 196 195 246 191 227 208 224 245 214 270 209 125 252 224 219 228 220 235 279 205 206 271 219 164 211 245 181 241 162 226 258 202 151 222 109 217 123 210 239 225 181 139 169 101 292 102 233 202 212 211 254 192 235 209 210 109 215 220 203 107 239 203 251 210 250 229 215 199 209 208 214 211 227 257 221 232 194 224 286 288 212 204 203 219 127 203 193 215 196 107 219 250 228 237 220 224 219 103 224 160 216 254 206 227 237 207 205 198 206 237 215 192 225 100 206 169 202 223 149 103 241 142 214 222 226 244 206 255 160 258 232 202 209 104 143 244 238 243 266 146 209 217 211 228 240 176 203 221 207 252 201 206 274 152 233 200 228 211 116 209 204 200 221 254 210 208 244 186 227 205 254 276 202 213 203 176 230 165 206 207 201 106 234 208 223 236 202 251 205 216 205 215 234 258 202 217 220 247 211 248 233 266 201 106 204 172 254 255
232 219 229 235 203 231 213 216 203 247 205 223 248 250 0 215 103 243 219 197 236 214 182 161 261 117 189 220 222 219 205 218 240 214 203 238 192 118 246 240 246 242 188 245 207 218 196 263 236 295 240 209 212 94 244 264 261 147 190 249 140 192 159 198 239 228 216 241 199 237 217 167 262 211 119 218 161 189 196 197 198 250 208 263 229 243 224 246 235 168 162 224 207 198 206 232 210 208 240 226 282 220 159 208 193 185 210 187 258 258 271 166 226 205 221 132 216 136 271 247 274 214 270 221 239 202 195 255 276 94 213 203 268 190 214 193 186 221 220 154 187 266 268 212 209 181 163 229 248 218 266 229 120 226 222 214 191 239 197 105 251 210 215 226 154 227 141 216 149 217 204 206 131 181 206 234 195 268 107 147 208 235 136 212 243 234 216 287 239 197 178 299 241 197 235 227 238 243 203 235 248 166 224 250 254 223 203 196 247 217 232 213 223 193 195 96 259 206 169 201 201 242 228 275 207 269 257 237 116 215 260 231 204 232 210 141 202 216 218 230 250 110 237 248 238 212 101 230 212 196 198 198
224 207 199 219 217 197 235 101 220 248 173 259 179 206 215 0 249 249 235 237 197 212 234 106 221 220 180 223 227 97 259 223 245 234 204 209 229 193 230 234 219 198 213 205 223 192 211 124 221 267 216 222 227 245 121 189 143 209 231 193 211 199 117 196 95 190 195 162 231 148 196 222 109 208 125 148 246 241 241 228 239 188 194 195 256 254 117 203 185 208 203 241 208 189 211 206 209 231 208 207 215 229 212 126 203 209 181 210 210 259 190 229 255 215 154 165 204 178 156 236 202 96 249 236 235 178 240 206 226 240 202 210 169 194 220 204 145 210 255 231 192 140 231 239 243 204 198 197 232 197 244 194 190 207 178 229 246 201 215 110 224 204 241 209 206 241 199 212 211 218 95 222 135 219 217 195 200 225 210 111 232 228 209 214 239 229 204 234 107 273 225 212 212 160 198 204 93 141 203 211 233 231 174 203 221 215 192 239 206 221 210 209 221 242 105 204 214 200 186 250 213 196 123 227 190 269 215 225 222 161 127 191 101 263 136 207 215 193 213 232 212 210 222 197 180 230 198 235 200 221 182 217
207 223 165 225 111 128 189 235 228 230 208 212 214 202 103 249 0 232 191 174 189 198 275 154 251 203 186 209 119 249 258 203 172 173 193 244 221 208 272 205 233 178 235 219 152 221 208 251 259 192 137 204 216 197 188 211 204 250 205 246 229 200 195 248 233 149 227 242 251 242 192 195 205 213 222 130 102 199 93 94 233 200 248 220 203 180 258 143 247 256 182 214 186 130 209 191 186 203 164 123 183 242 246 162 203 119 199 242 246 238 217 216 187 149 217 213 236 239 187 222 236 154 206 163 191 163 234 215 229 197 250 197 210 231 201 163 237 118 278 149 197 197 212 109 235 240 192 185 215 234 199 164 223 209 234 224 151 161 94 164 253 195 198 200 218 187 212 145 252 215 202 196 201 196 232 221 195 235 210 250 196 165 191 161 153 216 224 234 142 203 200 232 232 223 258 233 231 218 187 158 251 219 203 191 226 150 229 231 194 222 211 184 258 225 223 199 173 197 223 214 221 190 220 240 248 166 237 240 219 194 193 267 260 239 189 188 164 209 215 225 196 213 195 211 240 149 204 226 239 93 278 95
209 204 248 225 213 109 204 213 228 234 248 151 144 235 243 249 232 0 197 115 212 138 191 206 210 135 220 199 192 187 239 205 227 223 194 173 189 211 155 274 210 212 107 211 244 223 203 171 196 223 199 217 189 245 259 251 221 170 215 217 196 206 209 211 157 240 193 251 225 209 198 225 140 229 234 212 207 207 224 138 191 206 241 230 207 96 218 210 222 222 137 199 216 235 197 197 196 220 126 219 208 212 243 258 224 232 188 217 241 172 220 101 177 262 209 210 201 127 196 200 155 214 226 231 205 207 169 222 147 201 110 174 210 246 241 220 198 161 146 194 241 241 250 215 222 221 96 214 164 227 209 231 222 280 134 202 200 202 165 210 214 187 207 233 227 241 254 223 124 197 231 264 239 189 204 212 110 216 204 238 194 197 235 132 205 95 239 244 232 121 179 179 232 221 108 228 198 234 257 219 94 211 146 226 197 241 172 212 217 248 229 202 201 234 201 244 192 231 236 224 219 224 217 190 227 203 191 274 207 211 200 93 207 229 194 220 246 258 241 247 236 166 256 113 192 260 168 224 167 195 263 213
220 239 243 125 109 199 196 231 212 278 209 223 229 207 219 235 191 197 0 213 240 235 214 196 130 194 220 221 254 198 215 232 190 206 243 224 219 206 214 203 206 223 216 97 218 232 172 111 247 197 260 275 266 220 218 199 202 210 210 206 228 218 233 266 218 246 255 228 195 287 257 244 253 226 223 234 210 233 98 224 286 256 224 217 190 229 167 138 200 243 217 210 218 106 217 212 162 230 199 182 263 244 222 220 232 242 195 173 280 208 253 221 249 210 244 242 245 224 247 191 204 199 209 228 233 264 260 226 234 241 203 175 192 198 208 254 239 163 247 169 233 244 100 138 233 241 268 216 213 215 181 191 266 274 201 200 207 208 254 254 106 178 198 205 214 236 133 224 213 230 212 226 215 201 248 246 271 237 266 274 215 239 235 210 226 214 216 246 223 125 205 208 210 238 152 146 207 223 208 227 217 224 208 240 212 213 234 275 174 193 216 115 212 269 221 228 210 202 150 252 113 248 228 214 212 211 234 286 207 243 244 104 188 240 226 130 242 107 213 216 221 200 200 207 203 253 203 154 208 284 283 170
206 227 211 218 104 207 132 136 194 215 155 201 213 209 197 237 174 115 213 0 149 240 200 209 248 226 211 239 203 237 239 217 227 108 216 220 201 221 257 198 253 196 197 239 129 259 166 262 169 220 229 225 220 232 239 217 106 225 129 138 230 220 252 231 215 222 235 255 216 127 211 118 229 232 130 214 211 204 236 117 232 141 269 209 215 211 223 238 221 107 198 130 220 202 244 216 219 152 237 229 275 270 215 217 202 234 215 237 235 201 256 135 135 158 241 255 200 230 238 246 234 213 178 230 253 225 162 195 232 103 225 229 226 199 225 229 185 110 218 218 220 202 250 221 239 223 211 205 106 212 217 224 119 259 123 221 204 236 227 220 202 234 279 226 228 186 209 232 205 231 265 214 161 135 211 225 204 262 218 207 190 99 183 213 239 201 209 257 213 224 208 253 206 209 223 239 172 233 244 215 209 240 222 162 272 217 240 205 210 235 230 233 249 165 216 221 201 132 204 222 231 212 244 176 213 222 238 236 142 102 215 143 216 228 212 211 211 218 126 135 166 108 206 204 180 238 233 118 209 203 229 215
217 218 218 212 199 218 252 141 221 231 227 264 196 203 236 197 189 212 240 149 0 241 227 114 222 200 242 244 233 100 223 207 212 245 194 182 221 134 216 198 218 201 126 183 195 196 215 233 209 234 222 209 226 165 231 196 209 224 222 235 223 202 214 215 270 225 228 194 166 231 253 212 184 227 117 149 171 224 218 95 218 275 197 235 131 234 99 102 238 216 225 235 128 190 121 201 213 222 144 210 165 231 217 218 95 218 246 210 229 106 223 222 188 234 224 208 217 242 120 183 215 200 218 266 211 192 222 244 104 194 207 216 197 222 210 222 194 231 226 173 198 262 250 189 219 223 227 197 158 216 206 190 203 210 213 267 226 121 236 213 200 194 144 249 155 131 215 199 215 262 217 222 220 215 241 214 209 193 203 231 176 233 185 117 223 221 237 235 191 196 246 194 194 216 221 221 221 220 107 201 224 170 231 210 133 218 212 194 227 234 212 212 204 215 220 225 207 114 190 242 201 216 233 196 235 231 270 245 244 211 217 194 120 251 206 189 231 190 235 258 192 189 214 99 209 150 220 245 172 201 170 114
171 255 236 260 230 230 199 111 252 96 201 166 204 262 214 212 198 138 235 240 241 0 255 268 272 185 208 215 215 228 165 235 219 203 209 184 252 226 205 215 226 127 238 244 196 230 225 239 218 224 208 231 201 236 198 147 226 241 227 226 244 203 250 206 180 125 147 229 251 238 151 219 109 235 229 216 254 251 246 189 210 222 184 137 208 234 191 204 232 247 228 206 208 223 216 182 199 202 174 243 264 233 212 201 236 238 208 172 146 241 224 221 232 199 113 169 246 207 154 215 226 188 216 207 225 225 231 130 227 252 195 248 225 156 178 195 214 215 225 186 213 186 162 172 192 215 208 218 209 203 226 173 236 219 245 226 255 221 104 135 246 225 221 213 196 217 116 245 220 223 237 206 126 219 124 205 217 247 220 258 232 193 106 124 248 233 217 239 229 110 225 258 256 221 216 211 142 221 206 203 231 236 180 167 208 211 205 264 145 231 125 232 205 139 292 211 114 207 215 227 243 254 227 255 94 213 237 143 98 216 215 138 176 111 212 244 223 165 126 235 206 159 199 245 205 194 252 189 168 115 211 164
192 209 228 204 204 257 245 221 196 227 195 175 290 206 182 234 275 191 214 200 227 255 0 237 225 201 248 127 243 211 132 242 146 178 191 199 209 237 300 115 235 192 200 197 255 229 194 211 200 211 214 245 206 219 253 244 253 200 198 229 199 230 182 210 232 137 243 235 222 211 218 207 154 107 248 167 206 211 278 214 243 205 208 209 220 95 235 207 217 224 208 186 211 201 201 234 208 258 213 200 233 196 237 226 211 174 115 222 116 229 251 196 170 237 236 266 192 238 148 201 150 216 104 240 230 206 248 191 208 161 226 206 210 183 153 232 210 175 191 230 189 164 210 229 93 116 240 190 200 226 189 213 217 234 216 238 204 233 198 216 278 191 244 243 198 96 144 198 179 223 139 214 202 204 285 193 227 142 220 216 215 214 149 238 231 203 248 262 220 231 223 140 257 199 218 219 287 214 140 211 131 225 234 224 113 136 229 235 216 101 244 99 222 233 203 197 221 183 200 203 205 200 237 108 219 195 190 149 271 98 237 208 214 256 103 219 184 218 176 216 96 117 250 205 225 191 201 228 249 199 261 197
204 218 206 202 145 201 243 203 216 172 132 193 236 204 161 106 154 206 196 209 114 268 237 0 223 220 246 223 223 203 269 191 218 271 98 220 212 109 234 231 215 203 211 99 199 212 197 206 219 208 259 116 121 228 227 127 104 228 189 233 156 234 223 205 201 215 217 250 197 192 206 231 203 262 206 229 204 194 214 173 233 245 196 219 210 266 204 199 202 102 203 216 240 244 235 100 225 215 205 213 169 233 211 214 209 171 231 203 222 199 265 223 213 226 194 251 198 226 192 193 199 202 245 223 191 231 201 217 204 242 96 266 194 214 188 212 226 221 238 202 250 246 216 203 196 207 214 96 230 207 196 193 253 227 257 206 243 228 197 216 200 262 193 141 161 190 261 106 198 228 201 226 225 203 228 198 205 202 193 217 233 245 229 225 133 197 123 156 118 248 213 235 242 207 202 203 199 228 97 210 191 250 244 213 214 135 192 224 232 195 218 233 214 214 202 224 207 199 137 239 228 213 229 180 228 220 171 136 191 175 233 149 192 275 225 225 214 208 241 244 200 271 249 213 248 206 210 198 108 191 254 228
225 228 245 135 239 229 207 207 226 225 201 106 117 112 261 221 251 210 130 248 222 272 225 223 0 209 182 100 191 192 178 227 202 231 125 211 211 236 255 196 221 236 230 224 170 233 210 238 245 223 203 239 221 227 244 237 209 114 232 116 195 237 256 267 220 229 211 98 153 211 170 150 212 160 247 226 204 196 212 157 156 165 237 210 148 200 228 213 222 214 248 228 100 222 237 219 190 249 201 195 230 250 249 145 127 227 259 195 232 274 228 240 210 236 221 233 115 145 210 202 182 253 241 190 239 224 226 227 239 218 211 211 185 219 199 244 231 231 255 240 154 134 230 202 214 259 213 259 221 236 219 194 244 280 249 128 245 142 215 255 236 111 231 105 201 251 220 260 227 210 248 143 238 211 213 256 206 216 200 203 263 259 248 223 237 224 217 199 128 224 271 258 243 207 222 212 216 218 252 247 116 148 228 235 154 227 202 261 201 218 228 129 247 194 211 235 204 258 222 256 205 209 98 244 233 218 272 214 265 146 222 172 211 247 162 251 203 217 150 207 129 221 235 214 241 213 238 218 229 193 256 174
119 184 248 203 228 198 215 209 93 242 164 212 238 212 117 220 203 135 194 226 200 185 201 220 209 0 108 256 231 245 224 135 190 223 208 222 209 210 221 208 236 214 231 225 205 220 170 237 158 236 222 248 188 140 264 219 219 234 228 240 219 234 209 175 125 220 216 285 222 209 181 114 233 94 211 206 207 214 216 109 122 196 214 196 227 219 211 219 122 247 207 227 222 218 193 120 208 215 251 208 186 103 226 221 105 172 132 233 180 226 234 219 202 203 244 202 200 211 211 229 209 218 236 204 147 186 229 224 252 197 242 221 276 127 220 170 206 258 133 201 205 226 227 199 255 213 228 204 131 142 213 200 205 251 105 259 197 220 217 203 226 162 204 109 190 110 246 257 215 223 247 177 216 191 226 207 219 225 224 221 213 188 176 95 235 225 220 249 201 256 210 277 230 188 231 110 205 222 228 160 202 230 204 151 234 198 197 95 203 260 226 190 211 219 224 201 208 207 200 181 207 187 111 197 226 220 154 227 233 225 212 201 198 221 244 203 191 245 124 220 158 186 121 237 219 226 218 180 238 201 189 165
227 193 253 95 209 195 234 101 201 242 194 210 212 188 189 180 186 220 220 211 242 208 248 246 182 108 0 176 222 205 116 211 196 169 224 284 241 227 223 213 228 228 223 223 253 245 228 251 235 257 244 208 125 244 236 242 204 232 187 178 212 210 237 105 233 247 204 206 196 218 193 222 125 202 221 195 219 186 232 217 219 126 108 142 210 220 203 203 215 216 194 258 117 212 223 228 188 259 218 221 285 211 204 236 212 230 162 205 237 200 217 231 220 220 221 94 213 194 187 243 243 224 221 214 200 199 241 252 226 214 239 229 227 229 126 190 205 223 219 224 154 221 224 146 221 238 192 208 105 238 224 219 226 218 153 203 230 149 200 201 244 234 161 209 225 218 199 152 196 142 242 98 207 128 230 145 195 206 174 220 230 227 198 203 235 125 204 228 182 225 125 227 245 193 206 218 221 174 187 239 223 138 189 148 173 214 200 112 223 221 226 210 169 204 192 93 200 200 219 156 222 216 219 218 130 233 262 251 146 194 193 263 230 194 196 256 210 235 232 284 215 259 200 303 208 211 189 225 189 93 195 208
194 253 222 218 219 226 160 196 209 167 103 206 217 212 220 223 209 199 221 239 244 215 127 223 100 256 176 0 205 251 158 196 240 131 200 216 201 228 253 217 170 207 195 124 229 232 124 254 195 241 216 139 206 188 209 172 230 214 238 216 155 195 196 218 193 142 282 198 222 226 239 209 157 234 250 143 191 197 224 149 240 213 248 168 206 103 247 149 191 271 226 216 200 133 226 212 183 250 208 191 238 219 205 198 189 189 242 95 243 228 229 219 211 211 149 206 208 223 219 102 249 226 227 218 139 171 255 208 201 214 202 263 199 241 235 254 218 207 261 227 191 189 249 102 220 197 113 249 228 256 262 94 219 225 195 227 145 219 115 237 231 195 197 205 256 202 190 229 256 225 217 203 172 225 243 210 235 228 113 203 227 171 222 259 251 206 237 197 198 196 202 228 200 238 282 226 252 251 209 226 216 98 154 135 204 242 260 201 234 118 164 226 197 207 205 207 209 238 206 219 199 191 198 235 193 187 198 263 239 225 238 228 236 232 230 194 252 228 181 242 98 218 273 262 189 235 217 238 213 212 224 216
214 247 201 220 203 211 206 217 224 202 215 93 224 148 222 227 119 192 254 203 233 215 243 223 191 231 222 205 0 249 254 160 97 95 125 163 196 213 213 244 152 207 211 216 226 250 200 247 197 207 254 213 236 259 205 262 207 259 227 244 236 269 216 229 218 123 238 182 245 217 235 227 220 204 230 165 191 211 212 160 221 195 203 197 244 213 212 234 224 223 226 194 211 217 199 208 287 224 240 235 213 223 214 101 210 235 190 204 143 214 115 192 231 134 221 135 231 218 198 228 221 229 223 214 212 224 199 222 129 215 236 263 210 207 186 211 205 237 166 196 230 188 226 116 223 224 229 237 223 160 232 229 189 226 246 123 202 247 111 233 195 202 211 194 246 251 219 227 219 96 141 195 199 211 218 240 208 242 209 248 97 199 218 192 207 97 205 186 239 210 206 215 195 104 217 121 212 220 241 193 190 107 202 244 208 239 189 215 231 226 131 190 229 216 162 229 239 246 246 209 221 200 208 192 262 219 118 230 221 262 202 247 199 217 265 210 161 209 290 242 213 195 236 177 247 215 200 236 245 212 199 214
210 173 215 220 166 199 210 198 209 249 251 208 206 258 219 97 249 187 198 237 100 228 211 203 192 245 205 251 249 0 212 209 250 245 268 112 222 211 209 203 200 101 213 232 240 221 193 213 261 229 199 205 231 221 196 217 240 220 177 135 178 102 214 194 192 260 183 94 242 186 219 219 194 217 212 226 239 237 233 195 224 254 97 239 210 209 199 202 240 173 214 200 228 213 201 204 232 246 230 240 226 252 193 223 140 229 219 224 218 206 228 173 236 215 230 221 229 218 126 195 278 193 227 207 202 237 222 215 204 184 193 233 137 225 213 184 94 131 218 204 214 237 273 226 223 252 138 115 179 171 256 201 203 110 213 169 246 221 225 114 248 223 195 220 211 209 129 224 119 252 192 202 185 128 227 244 247 232 229 208 202 253 206 200 238 172 202 251 204 195 229 138 234 196 221 213 190 120 169 224 207 210 271 194 216 210 112 214 231 210 218 112 202 252 202 229 204 214 156 260 228 125 220 207 223 208 225 240 210 195 224 94 198 212 164 230 259 183 258 265 166 164 213 199 193 250 234 239 213 220 203 214
247 259 141 211 196 244 218 214 192 167 238 242 231 222 205 259 258 239 215 239 223 165 132 269 178 224 116 158 254 212 0 217 172 274 201 241 234 179 184 187 206 257 224 228 233 212 166 234 216 230 158 153 220 140 209 203 263 200 231 136 155 246 249 221 242 155 239 126 234 139 220 192 224 190 221 241 233 205 251 197 252 242 224 216 231 143 216 121 125 239 165 229 197 223 208 173 202 259 206 204 231 203 253 202 266 280 238 233 241 237 265 213 104 207 105 210 169 250 238 202 205 264 236 246 136 217 210 209 203 202 223 181 216 255 240 246 244 261 103 248 233 263 236 213 225 149 202 228 221 244 239 233 240 102 218 233 236 265 217 221 246 254 258 181 197 198 217 174 254 231 214 214 250 239 219 213 176 199 221 271 246 229 271 253 264 241 209 166 260 215 241 121 227 248 209 156 236 265 272 213 222 203 234 208 204 260 249 228 299 233 192 231 188 222 228 173 230 219 207 265 142 110 275 240 246 233 230 159 262 230 301 241 239 262 217 274 94 253 222 261 228 172 158 227 218 232 242 267 172 209 226 233
192 195 226 116 187 100 223 189 205 220 96 208 112 231 218 223 203 205 232 217 207 235 242 191 227 135 211 196 160 209 217 0 241 175 143 197 206 232 207 214 206 108 170 202 202 214 200 220 227 218 210 212 110 226 203 108 188 217 188 211 205 197 200 213 202 245 154 219 215 203 241 210 198 229 205 236 200 171 197 197 108 134 219 208 203 188 133 212 205 205 213 211 226 218 257 211 209 201 229 210 234 232 227 224 142 219 236 227 211 206 99 144 208 253 202 198 194 215 107 226 175 198 228 212 255 217 196 200 248 205 172 135 234 218 212 211 216 230 227 230 213 273 207 94 241 190 203 95 111 216 204 194 225 265 152 199 207 244 210 240 209 204 189 224 201 189 197 231 201 215 210 217 116 142 273 193 250 220 222 234 218 216 227 205 248 208 209 213 238 188 132 212 228 211 201 208 196 207 202 213 111 165 198 134 203 205 191 158 214 265 198 232 217 200 201 122 186 93 237 212 192 215 182 239 203 218 272 218 217 202 96 206 191 207 217 206 123 241 233 273 236 236 211 209 107 229 199 223 103 178 210 199
212 205 216 172 167 208 207 202 149 226 194 190 208 200 240 245 172 227 190 227 212 219 146 218 202 190 196 240 97 250 172 241 0 192 127 249 99 234 218 215 220 221 202 119 228 269 214 207 244 182 245 206 200 211 223 224 222 182 192 211 226 229 237 173 240 203 246 206 212 209 205 148 225 225 174 97 205 240 204 226 211 219 248 237 147 228 206 208 222 126 248 97 231 131 211 211 246 228 253 199 227 126 202 198 224 201 246 206 111 117 212 230 234 223 202 198 208 216 226 209 203 210 250 214 197 216 102 182 226 197 210 192 113 213 212 279 178 152 167 196 239 130 224 213 225 188 200 252 212 214 218 213 203 240 223 220 226 218 200 203 222 245 220 97 190 226 198 210 223 193 238 98 239 217 235 227 215 208 240 217 111 244 197 95 227 188 204 268 185 202 109 230 111 201 166 218 264 209 227 119 194 152 124 233 238 252 210 208 247 215 208 209 225 192 234 208 193 149 190 199 212 242 293 220 260 188 215 214 214 244 238 201 220 120 233 206 232 217 197 211 229 130 196 236 150 118 204 193 195 245 213 255
219 174 232 248 212 173 217 140 154 107 230 188 129 194 214 234 173 223 206 108 245 203 178 271 231 223 169 131 95 245 274 175 192 0 220 223 246 251 249 213 220 148 247 231 207 155 230 260 226 112 256 237 243 228 212 256 196 229 171 237 197 195 158 233 237 211 172 151 265 223 204 216 216 210 206 202 221 195 211 190 214 100 237 220 231 210 195 225 201 215 254 216 247 149 188 206 235 217 270 204 243 275 175 196 188 229 128 223 211 205 210 205 238 95 229 225 228 205 145 198 285 188 228 240 200 247 195 227 224 211 249 274 241 190 201 154 234 218 242 193 230 243 223 121 230 226 244 247 190 214 198 225 94 200 187 218 246 202 206 153 100 224 216 238 205 237 128 247 147 191 236 226 138 236 217 233 247 239 193 287 127 207 250 128 295 192 210 242 203 154 214 251 100 199 230 144 195 125 226 212 213 143 238 197 233 210 237 197 252 146 189 231 246 198 221 219 232 239 235 114 250 212 138 181 218 135 213 135 196 210 107 234 161 205 235 232 211 152 231 243 229 216 147 201 212 200 236 197 234 207 229 210
198 239 212 222 222 239 202 247 213 201 225 218 242 118 203 204 193 194 243 216 194 209 191 98 125 208 224 200 125 268 201 143 127 220 0 173 125 207 211 167 117 216 220 197 101 225 228 212 228 198 215 208 215 253 215 216 202 205 225 233 205 218 231 218 260 239 119 223 160 246 112 199 232 222 212 220 106 200 227 99 223 228 253 224 204 217 207 213 226 200 217 224 213 217 179 198 213 217 220 115 176 226 228 213 147 227 192 160 224 207 224 204 192 219 96 209 197 220 200 228 206 128 216 228 212 208 229 211 153 144 127 218 214 225 205 250 219 228 208 198 195 221 216 105 98 218 237 182 195 226 166 170 222 241 159 245 204 218 204 212 213 199 187 221 231 126 208 204 229 130 213 225 232 144 236 229 107 222 217 209 195 201 196 222 112 99 200 239 216 174 236 239 145 211 226 229 243 268 195 204 215 212 147 239 122 227 224 136 227 201 216 235 253 267 202 232 191 206 198 181 223 230 212 194 222 220 239 232 223 137 207 214 115 207 143 144 189 213 187 198 102 233 226 229 184 245 206 224 206 209 230 237
223 115 103 236 233 208 220 203 236 202 188 133 94 233 238 209 244 173 224 220 182 184 199 220 211 222 284 216 163 112 241 197 249 223 173 0 201 224 232 216 225 212 222 194 201 109 201 235 247 200 118 214 197 221 232 192 199 147 211 220 219 111 217 181 116 211 214 206 131 188 203 220 201 135 210 240 151 190 203 234 232 297 194 163 171 214 95 203 214 207 233 205 232 118 156 230 248 222 219 197 114 204 98 203 198 223 246 205 206 209 226 226 219 177 255 204 199 218 234 204 222 211 237 95 173 228 230 201 230 216 203 272 240 215 216 228 206 205 143 222 195 130 220 257 214 237 126 227 201 227 242 210 199 222 215 176 241 153 198 217 219 225 239 243 201 228 241 215 231 250 236 187 212 201 212 204 216 244 234 236 208 141 192 209 132 219 191 226 102 204 206 190 190 251 226 212 217 232 248 254 230 205 256 225 207 215 224 242 134 98 221 220 221 217 140 234 197 104 197 231 152 215 165 234 206 143 119 227 244 118 252 182 201 277 229 283 147 223 200 255 208 212 101 137 116 148 210 195 159 208 219 213
221 275 249 207 238 212 150 232 207 199 209 192 221 209 192 229 221 189 219 201 221 252 209 212 211 209 241 201 196 222 234 206 99 246 125 201 0 235 264 229 193 212 192 218 226 170 231 108 200 224 206 140 217 242 200 258 230 110 210 112 133 196 227 216 216 223 230 148 211 290 221 95 206 240 192 196 188 206 203 224 230 246 199 267 232 181 235 207 243 225 193 196 221 212 208 112 214 225 187 100 274 225 103 212 126 102 256 226 210 209 222 208 187 224 214 214 136 209 260 256 235 233 221 225 98 223 199 222 166 98 190 93 212 194 206 211 206 233 266 222 232 202 225 220 217 249 232 233 190 206 194 197 201 250 209 206 145 220 209 217 218 188 230 196 196 246 241 252 196 226 245 197 140 190 226 287 199 247 225 118 210 218 263 190 200 224 196 243 222 256 206 286 198 235 167 215 212 249 254 162 95 103 198 235 229 199 137 200 245 199 221 110 238 212 228 227 199 210 189 260 205 189 197 211 206 206 192 217 225 217 201 208 222 219 241 212 193 213 178 296 206 217 101 221 227 217 282 200 238 208 254 195
244 231 229 216 200 199 225 238 152 238 235 130 130 257 118 193 208 211 206 221 134 226 237 109 236 210 227 228 213 211 179 232 234 251 207 224 235 0 239 222 172 222 170 208 220 225 217 260 223 209 151 170 230 155 235 236 213 202 223 148 215 165 225 216 172 110 214 174 256 223 245 155 221 248 140 137 106 101 223 217 229 226 267 197 132 217 176 236 243 211 213 216 197 198 218 195 260 136 122 198 230 249 242 236 120 225 209 133 257 234 241 214 242 223 123 193 242 206 203 129 241 173 236 196 225 217 260 218 235 210 205 216 214 157 141 116 117 207 157 195 225 259 216 196 239 241 237 149 223 219 207 203 238 281 256 205 221 255 227 202 264 188 224 243 228 171 223 215 129 162 204 241 217 224 232 239 109 219 204 241 124 175 120 247 170 116 227 208 216 255 243 231 227 216 227 236 199 247 108 222 140 246 202 222 204 218 136 115 255 278 228 227 217 206 204 194 212 139 214 229 224 249 241 157 204 180 202 245 159 226 149 253 189 235 238 195 194 99 218 208 216 214 223 227 234 121 219 233 167 202 180 240
189 230 199 241 249 211 198 249 229 196 226 252 262 213 246 230 272 155 214 257 216 205 300 234 255 221 223 253 213 209 184 207 218 249 211 232 264 239 0 214 207 108 246 135 238 265 238 168 250 236 296 212 232 291 203 213 212 255 255 187 186 188 224 213 237 276 278 224 233 257 99 225 233 270 238 157 224 138 233 237 99 224 154 215 164 235 238 189 232 162 229 246 216 225 274 211 173 192 231 256 149 236 236 271 138 222 209 232 234 235 278 196 247 231 248 129 227 230 197 229 198 134 222 233 245 136 285 173 245 222 227 274 212 138 253 254 216 215 213 188 217 265 114 189 265 232 226 162 251 235 126 204 228 192 168 217 235 253 266 189 247 231 199 188 229 221 223 262 201 243 200 235 204 210 182 233 170 236 140 211 218 285 266 149 198 183 209 228 130 95 242 244 246 109 254 129 234 206 212 248 241 217 204 201 213 231 198 249 293 231 203 249 215 219 252 227 176 213 210 251 275 244 194 209 224 198 239 220 130 202 211 140 205 98 257 217 256 230 282 243 253 211 274 226 215 226 205 139 222 272 198 196
