333 168 16 69

0 221 223 198 238 236 239 209 196 206 224 190 153 232 113 231 207 200 201 247 217 129 128 221 212 217 220 222 205 152 225 230 206 171 248 105 191 190 276 154 225 239 235 214 194 210 217 99 233 209 215 199 118 93 187 222 212 198 254 204 184 241 113 241 202 132 194 204 209 239 232 221 226 220 226 220 129 226 217 244 239 235 145 227 205 191 227 171 216 230 272 202 212 161 239 219 220 212 130 222 208 174 220 200 231 230 188 208 163 232 227 220 203 217 223 189 208 189 210 236 160 203 207 131 228 220 178 221 267 216 247 200 236 214 215 227 165 219 193 208 270 210 212 219 202 240 208 218 217 221 131 189 209 226 219 203 208 212 225 221 246 223 210 125 95 214 189 167 211 139 232 209 184 192 153 238 161 121 206 190 231 207 199 125 198 159 232 235 124 204 200 206 237 255 211 211 206 217 164 250 121 236 231 212 201 222 224 233 218 218 161 248 209 240 206 192 208 136 206 191 108 179 256 258 108 195 200 251 176 171 226 204 252 228 236 109 164 210 245 206 233 149 162 215 236 245 230 223 231 221 216 205 221 210 227 206 126 103 265 216 182 223 214 216 210 215 221 117 216 217 202 225 232 230 224 207 103 200 199 199 211 224 211 215 247 202 209 206 221 144 208 253 170 217 200 123 211 223 148 264 220 215 270 215 226 134 236 239 132 205 212 205 172 240 232 224 245 220 150 121 218 143 178 134 246 176 165 226 227 190 225 228 197
221 0 215 203 170 201 166 198 210 207 189 216 152 219 221 239 249 208 217 209 177 181 204 194 191 228 236 112 210 163 258 220 97 201 110 229 215 183 192 211 164 225 222 224 215 231 204 236 207 216 174 193 241 205 210 174 227 158 193 208 228 105 190 197 220 104 208 226 195 104 209 209 254 207 229 201 207 213 207 148 217 203 144 261 202 197 205 240 219 216 239 197 200 220 93 127 189 221 173 200 227 211 244 195 196 197 207 150 214 206 267 204 211 196 112 243 215 211 221 212 227 211 203 147 192 235 181 169 255 207 201 199 222 231 200 202 206 231 212 203 246 216 225 210 254 204 223 152 212 194 192 165 247 142 206 204 200 213 205 207 210 154 197 246 227 201 200 210 113 215 247 238 226 164 230 116 241 169 211 229 191 204 202 201 213 256 203 228 164 250 214 231 203 152 151 200 106 226 132 126 202 207 240 187 175 190 216 103 239 202 231 214 195 226 134 199 112 138 225 235 212 200 123 208 212 192 239 237 229 233 118 208 216 246 140 229 222 210 204 252 201 233 233 219 217 241 194 182 202 220 207 233 191 208 225 249 131 129 236 209 209 196 206 177 203 195 238 104 188 159 180 196 211 132 195 205 118 98 209 194 242 228 149 159 107 228 252 205 111 101 194 220 217 222 203 227 215 193 192 197 204 233 190 228 216 196 257 223 200 171 199 258 224 203 198 203 213 224 233 213 197 244 228 210 235 246 148 208 183 153 218 95 212
223 215 0 234 238 255 198 275 281 190 227 222 211 141 215 229 206 219 206 241 198 94 233 229 226 232 198 242 284 204 229 200 274 170 105 201 202 237 217 233 201 241 205 218 214 226 180 186 190 236 206 223 232 244 178 194 248 226 233 237 228 202 220 253 159 245 203 206 166 223 237 196 124 200 196 239 263 223 105 290 225 97 198 250 172 275 225 156 217 200 190 253 208 249 235 232 238 201 197 190 117 220 209 254 219 267 206 200 240 241 249 206 216 214 188 189 219 229 228 223 245 211 212 225 210 248 255 191 211 192 155 202 255 201 231 197 227 190 195 216 210 140 212 265 210 206 247 208 211 233 224 165 101 156 232 209 180 242 205 223 231 208 217 183 259 204 243 205 232 258 244 154 215 190 187 229 236 194 206 208 195 226 224 228 149 204 202 214 237 221 188 206 194 196 227 164 189 231 248 221 141 221 199 238 208 248 155 253 211 215 195 204 210 209 98 199 171 239 220 102 116 228 212 214 194 201 206 217 231 215 219 205 197 227 97 213 231 205 171 96 225 196 239 241 253 222 222 207 258 244 224 209 219 124 216 240 190 199 240 244 132 226 221 217 149 234 221 216 191 149 234 238 230 229 195 189 200 239 213 138 236 216 197 210 258 188 200 132 218 199 102 137 143 218 214 199 198 237 197 250 199 196 195 210 207 194 171 147 227 166 189 213 203 232 232 194 209 223 207 217 130 233 229 180 275 253 228 198 201 223 217 201 239
198 203 234 0 210 241 213 229 192 199 213 223 214 201 191 227 211 212 224 176 170 200 201 238 208 226 212 222 225 242 134 114 219 190 193 198 247 175 199 183 206 208 146 207 229 93 120 227 213 201 103 209 208 209 215 238 171 202 192 226 201 118 190 219 209 230 221 196 95 222 229 127 110 252 189 190 226 212 234 229 238 227 209 237 198 217 224 245 203 210 223 162 231 221 217 219 218 188 131 189 222 199 119 169 207 225 154 236 131 190 239 214 200 244 252 210 212 218 211 114 216 187 184 233 227 204 227 232 213 241 206 194 195 213 207 180 197 233 125 211 232 169 214 199 243 203 206 215 215 198 212 211 198 213 137 192 244 219 101 207 200 210 149 220 243 200 113 93 97 220 228 198 192 199 189 132 218 110 224 195 249 215 211 183 206 197 196 224 213 207 203 209 192 101 198 218 198 162 286 205 194 196 230 232 124 228 258 234 193 196 120 178 195 207 212 221 259 223 226 204 231 187 225 173 196 217 223 231 159 172 208 224 195 195 218 198 213 210 122 201 190 229 205 115 239 224 200 229 228 220 130 234 211 219 235 218 225 95 165 134 233 202 209 223 129 218 118 206 177 195 101 223 196 219 196 122 226 245 236 123 164 228 203 161 96 194 251 250 135 233 231 210 211 195 192 214 203 222 244 208 224 218 206 221 230 193 222 209 223 181 195 245 199 192 188 247 197 227 209 216 189 257 155 206 171 224 213 221 206 217 228 211 212
238 170 238 210 0 232 234 224 206 220 206 205 227 209 206 203 228 230 169 223 212 204 208 231 94 220 231 224 225 236 110 107 217 241 211 219 234 232 150 211 172 219 197 241 189 249 244 234 222 255 110 227 225 199 202 233 250 210 204 218 213 213 211 153 196 156 233 97 201 240 163 206 241 256 218 239 227 134 226 217 117 234 228 240 121 133 218 167 148 221 210 210 202 230 229 210 203 219 210 210 192 204 230 211 209 255 168 227 218 203 215 229 207 209 213 203 219 202 199 211 222 238 167 266 235 219 209 212 248 216 115 202 187 206 205 122 252 163 218 227 259 224 234 259 258 204 196 228 134 243 225 234 225 206 210 211 211 220 118 228 206 204 208 207 252 221 208 192 218 203 144 238 229 210 200 203 171 216 219 214 236 219 204 113 205 236 203 198 161 212 211 273 221 109 133 213 163 241 229 258 235 245 190 215 213 249 203 212 226 215 200 196 220 215 205 222 143 212 222 221 179 218 203 242 216 213 227 247 107 232 259 167 211 124 225 197 230 215 231 209 211 237 222 167 218 196 208 140 221 208 224 233 224 114 218 224 212 175 230 233 188 210 212 103 260 132 215 229 243 109 201 193 116 175 221 113 201 221 161 232 229 211 230 252 220 206 211 214 212 222 218 205 218 191 112 150 225 230 209 193 218 244 217 207 219 215 203 232 215 220 217 228 95 203 208 207 123 163 223 225 222 254 212 161 205 244 212 267 217 208 213 160 107
236 201 255 241 232 0 208 101 218 245 208 114 114 197 163 216 234 216 215 225 110 234 243 214 183 225 230 223 221 213 122 218 202 98 199 209 205 207 220 203 212 207 201 228 233 204 205 219 208 241 210 196 155 223 211 205 220 254 150 222 211 207 231 106 220 211 202 198 191 207 242 235 131 248 216 197 196 253 218 229 136 232 174 223 204 138 98 229 208 215 217 206 212 232 221 200 207 170 214 162 245 200 225 198 231 270 244 206 229 216 210 288 228 133 221 164 178 132 192 223 187 204 207 236 198 210 233 220 203 136 221 204 217 217 187 188 205 224 209 205 209 206 216 212 210 220 201 132 164 209 189 198 207 119 213 111 176 228 199 201 229 200 159 111 151 198 209 210 231 201 196 204 208 217 195 218 191 283 238 220 175 156 154 168 196 233 210 224 221 221 230 210 222 206 245 217 202 249 220 200 213 206 213 219 206 198 147 143 214 115 204 120 196 100 225 191 222 217 181 238 214 240 235 109 211 245 252 123 150 261 225 215 234 220 226 272 233 215 220 247 225 223 213 216 206 125 216 208 234 207 196 197 202 208 196 206 214 159 205 198 243 234 202 205 208 230 210 223 208 245 165 206 234 95 206 163 214 203 195 206 233 230 244 254 192 219 213 216 212 195 205 202 226 105 234 227 228 106 203 208 190 242 150 220 237 117 213 235 226 241 212 226 226 214 98 202 252 195 105 126 193 202 208 216 205 222 222 209 218 174 232 106 211
239 166 198 213 234 208 0 217 252 239 101 215 239 202 202 205 198 231 152 202 194 221 111 174 214 211 217 205 205 224 124 257 218 158 93 218 171 119 210 201 100 214 110 222 196 214 235 206 195 223 194 128 216 216 193 199 203 165 210 217 235 190 215 221 132 200 114 260 231 199 162 242 125 214 214 227 148 195 232 114 221 206 233 225 223 200 211 207 218 216 204 212 103 216 221 142 194 143 205 209 225 198 206 242 155 251 126 210 225 202 219 194 210 233 205 215 193 225 194 178 221 158 205 233 210 214 179 235 198 242 203 105 220 219 224 209 223 113 205 145 205 125 215 199 223 217 202 200 217 207 195 196 235 218 235 202 240 178 197 217 214 194 229 203 219 215 201 193 222 230 222 279 109 210 157 248 201 221 136 115 199 232 224 203 204 205 208 196 223 164 222 196 162 198 207 186 195 194 199 206 199 98 126 224 239 196 215 194 222 147 108 198 210 265 222 207 241 231 208 217 212 218 199 220 176 214 142 211 243 215 217 233 240 133 204 251 220 193 187 269 217 202 212 98 227 210 204 162 95 203 191 197 209 235 193 232 232 206 198 238 216 221 207 139 227 214 214 222 204 200 209 238 189 217 210 194 231 215 226 218 101 248 123 240 198 224 218 112 204 232 150 219 238 103 235 238 216 159 203 191 146 224 231 198 243 223 240 234 216 192 214 208 229 222 246 173 201 239 213 164 241 213 223 218 216 206 195 160 195 212 171 203 219
209 198 275 229 224 101 217 0 224 199 212 209 208 211 235 148 216 188 219 124 211 193 213 166 224 223 158 226 206 112 208 194 101 156 204 218 214 226 232 248 244 196 128 252 200 240 217 231 194 200 250 201 201 202 219 260 222 217 202 238 168 164 194 201 224 182 215 206 211 224 233 215 173 277 217 269 193 235 235 199 218 231 206 122 103 221 199 227 232 202 200 228 199 210 181 199 252 222 230 94 211 203 208 208 200 240 207 183 225 228 219 213 243 234 207 98 164 200 219 242 217 220 106 194 232 240 260 159 102 114 215 195 214 206 215 234 224 213 222 254 108 230 200 216 172 227 100 233 200 198 226 207 249 198 195 209 207 219 198 107 232 184 206 203 114 191 208 230 190 100 239 249 202 201 211 199 177 231 206 233 219 254 132 191 208 145 216 238 120 207 220 109 203 258 214 216 120 276 168 206 214 207 266 234 105 207 213 217 247 189 120 197 200 160 215 121 212 200 203 209 200 204 228 210 227 197 222 224 214 256 250 191 180 119 187 192 132 189 208 222 221 216 239 138 213 226 166 193 212 120 133 190 238 218 95 206 198 206 240 222 199 200 212 193 191 199 199 216 166 225 220 105 198 196 150 198 113 217 194 209 215 227 193 173 175 236 198 222 236 200 217 206 239 114 210 238 244 202 207 165 202 141 177 206 259 205 246 205 244 214 213 189 256 233 199 256 190 216 199 226 190 250 194 132 203 214 233 192 201 105 193 207 153
196 210 281 192 206 218 252 224 0 145 213 202 203 197 167 223 206 208 199 224 217 199 225 228 223 250 225 197 190 251 229 224 200 153 212 196 165 214 218 197 201 217 240 207 192 99 158 97 213 255 190 202 215 201 210 207 172 198 198 200 207 198 196 201 242 164 192 222 213 215 166 206 214 261 219 219 104 131 202 232 219 207 209 129 210 240 202 210 217 118 231 201 199 191 207 210 214 165 233 211 206 218 219 204 213 233 235 230 160 196 238 202 172 209 168 193 166 105 214 128 130 209 222 202 223 172 200 230 244 231 199 190 221 238 164 217 210 226 244 228 259 234 220 202 223 214 170 218 195 104 139 233 231 222 114 181 200 233 225 213 225 155 245 216 225 100 113 217 237 236 248 209 205 190 215 202 213 220 218 195 204 205 221 203 197 113 97 154 219 227 162 229 132 97 140 223 104 160 200 200 206 277 242 199 206 110 216 208 215 218 229 227 185 203 189 213 198 205 189 215 210 193 269 217 224 203 198 208 200 201 194 211 224 148 209 120 212 236 212 197 223 220 203 217 95 215 98 202 225 195 205 252 106 217 183 244 224 207 194 214 203 198 215 161 165 218 189 197 211 217 211 217 117 230 140 215 228 146 227 188 201 120 193 190 204 195 184 203 224 199 225 224 228 203 220 123 231 242 249 126 212 184 204 225 198 199 219 209 219 202 191 205 245 191 120 134 231 201 193 204 195 245 214 239 193 209 133 280 106 241 225 202 137
206 207 190 199 220 245 239 199 145 0 219 212 218 206 200 234 163 217 201 229 215 96 251 254 209 160 218 149 215 204 230 209 189 197 204 218 214 199 260 210 235 177 207 190 202 229 202 107 206 129 218 245 132 202 219 240 219 185 233 223 207 220 249 213 235 229 202 226 104 103 196 204 188 213 198 246 219 218 138 248 230 206 226 200 206 220 147 179 209 219 225 204 157 199 225 215 248 134 208 110 216 201 198 219 126 224 245 237 212 209 217 103 211 126 190 191 221 204 220 208 225 175 208 237 209 228 227 202 231 194 206 198 142 203 200 199 244 145 246 244 115 200 222 219 233 219 144 156 222 219 218 196 138 226 211 219 199 250 214 222 136 250 250 185 228 235 197 203 206 227 162 204 240 155 189 225 190 100 226 214 218 215 216 107 236 222 242 214 200 199 140 243 192 221 217 131 191 197 217 195 173 228 218 197 94 201 107 206 233 216 164 218 204 224 204 200 227 244 203 246 216 247 223 199 229 196 208 219 235 207 223 206 208 231 203 207 242 228 227 237 229 271 106 235 223 233 202 162 144 219 126 215 191 209 281 261 226 201 252 97 115 207 184 209 214 201 203 247 200 170 168 207 227 227 205 202 202 208 216 124 203 231 209 214 192 224 234 182 235 225 186 106 211 216 212 213 214 204 137 245 182 230 215 237 251 205 180 220 213 105 193 242 205 223 197 155 187 228 244 178 196 216 191 214 210 236 109 214 141 249 236 213 243
224 189 227 213 206 208 101 212 213 219 0 217 196 252 214 216 223 209 209 106 140 249 212 237 222 110 201 219 216 203 222 241 117 224 194 133 232 197 245 212 201 113 210 231 208 242 224 217 139 215 222 186 221 195 101 223 248 202 194 212 214 193 210 210 214 198 148 192 224 211 208 186 196 219 206 148 221 230 214 215 212 232 132 193 194 141 211 213 218 209 200 211 199 206 196 190 111 208 210 248 196 207 105 141 216 241 196 207 266 220 171 228 127 202 203 212 224 239 140 223 216 218 232 217 210 209 235 202 207 224 140 116 133 238 206 204 236 206 212 164 104 226 245 214 187 254 217 99 219 201 176 152 237 167 223 101 207 154 210 206 211 196 188 211 246 218 100 200 220 191 244 239 210 231 207 241 215 166 209 183 98 201 211 188 232 202 227 213 257 203 195 219 204 209 191 221 207 198 208 105 103 199 215 200 203 182 209 120 204 200 193 209 223 205 216 162 208 234 204 125 222 220 226 204 195 225 203 206 207 212 242 194 234 211 229 265 199 195 100 233 198 219 141 199 240 227 235 232 196 196 117 221 198 198 209 230 201 232 195 272 214 207 221 200 215 185 196 121 222 99 196 236 209 218 202 93 181 170 226 196 202 212 214 192 234 264 151 195 227 258 165 195 196 204 194 193 221 234 199 204 211 244 201 219 207 195 155 196 177 148 216 165 157 200 188 204 186 245 234 204 209 255 207 192 144 202 201 244 196 145 116 102 223
190 216 222 223 205 114 215 209 202 212 217 0 200 164 209 215 207 247 207 218 207 214 198 198 111 245 227 209 198 231 201 240 196 171 254 229 222 125 146 211 148 155 220 201 200 206 221 105 194 205 220 207 144 206 232 204 225 198 215 207 214 211 231 211 182 207 126 252 252 179 201 237 233 217 212 220 232 206 125 206 229 205 206 207 229 174 212 243 216 220 207 206 242 194 201 219 128 222 169 218 214 203 221 200 178 158 188 183 202 207 96 219 209 211 222 229 198 124 196 231 109 200 232 242 159 220 229 194 204 229 210 206 204 197 219 111 223 187 201 209 224 204 199 229 197 195 209 152 229 101 220 126 265 203 139 195 202 275 164 136 204 237 237 200 95 203 117 261 194 215 209 228 204 198 167 217 219 224 183 241 210 213 198 215 233 173 195 110 194 206 206 144 108 204 221 111 182 174 212 196 238 194 104 204 194 178 220 208 152 229 217 230 205 214 225 192 203 244 202 201 229 137 242 221 103 221 204 233 219 217 214 174 225 197 125 188 224 205 210 146 239 224 181 235 264 207 231 196 120 227 174 245 258 199 247 201 189 273 256 216 205 258 259 258 189 197 206 183 185 220 198 225 217 209 219 147 244 252 214 100 205 224 224 197 187 200 244 218 105 178 203 185 112 205 219 208 209 102 200 191 221 180 218 210 211 201 220 138 227 209 235 219 222 110 212 203 212 200 219 201 147 201 94 166 129 195 225 135 200 237 207 207 254
153 152 211 214 227 114 239 208 203 218 196 200 0 212 239 125 208 176 199 237 224 205 135 225 216 260 210 130 269 219 233 206 196 212 252 230 248 220 241 215 200 238 223 189 166 204 221 221 209 251 185 192 204 195 231 202 190 250 264 123 235 218 219 220 228 163 226 139 152 234 243 203 162 185 233 227 236 229 109 211 195 202 219 220 270 201 212 231 234 204 203 233 160 241 236 245 208 225 202 213 230 228 210 114 117 214 189 226 232 210 241 203 230 156 219 110 218 225 238 221 204 227 223 206 173 223 225 231 255 226 112 212 199 239 206 181 217 197 95 228 206 225 252 219 230 179 240 191 211 99 177 213 241 208 207 221 236 150 156 214 220 175 147 225 219 178 189 210 117 191 229 213 130 200 242 133 249 233 211 210 224 137 121 200 97 237 198 246 208 107 123 216 228 218 248 203 207 257 137 195 201 207 169 240 205 198 252 204 137 229 207 225 212 214 213 214 207 191 218 217 191 237 145 223 158 205 210 237 223 197 228 212 170 201 252 217 188 161 215 194 210 229 221 237 259 115 196 233 205 210 245 213 190 198 245 205 270 225 255 226 176 170 170 228 160 250 245 234 216 208 141 213 218 209 194 208 192 222 153 194 228 230 130 242 220 209 159 168 207 231 193 112 226 203 210 206 233 220 114 196 204 162 194 220 274 231 107 222 138 167 202 225 216 124 195 231 211 198 207 199 231 222 220 201 217 202 209 204 205 214 245 94 223
232 219 141 201 209 197 202 211 197 206 252 164 212 0 212 217 209 165 212 219 193 229 239 222 236 256 220 175 206 230 229 202 202 99 109 249 244 218 188 209 205 225 222 225 248 151 211 247 218 159 210 201 149 213 209 196 236 201 238 160 248 206 225 112 210 245 220 208 127 220 169 123 257 206 220 178 123 229 241 224 220 156 209 221 247 161 119 216 202 180 98 236 213 217 210 171 153 203 230 187 218 230 210 125 190 225 210 202 268 199 246 210 227 170 185 215 216 229 232 236 205 216 244 227 137 231 221 197 228 241 198 193 240 154 194 194 226 209 231 105 212 211 223 124 211 208 206 199 108 211 226 211 107 176 207 151 209 223 193 219 213 192 204 222 230 247 208 209 219 149 197 212 217 230 219 209 171 204 210 186 176 282 146 190 200 210 216 245 241 193 202 211 253 100 211 206 232 277 205 218 223 131 219 228 210 254 235 225 204 194 205 230 212 206 100 192 190 218 222 189 205 223 216 216 197 229 231 247 245 201 136 200 239 218 200 212 258 193 241 200 100 228 219 212 234 124 199 215 228 153 240 198 160 95 116 242 243 259 201 199 157 201 208 223 208 192 161 218 194 196 248 201 216 193 227 216 262 204 107 157 220 192 194 216 193 254 205 214 218 219 205 100 240 224 206 164 267 124 119 222 203 189 217 188 231 171 234 214 193 251 224 200 215 188 177 213 199 216 202 111 204 203 118 211 180 223 249 200 218 193 214 216 176
113 221 215 191 206 163 202 235 167 200 214 209 239 212 0 235 216 118 210 196 185 210 195 205 174 104 158 233 229 241 222 209 200 213 241 214 193 194 201 228 227 217 141 250 198 220 228 207 220 100 214 250 231 206 202 215 208 207 214 215 200 198 197 177 215 216 209 228 96 191 218 223 213 213 190 209 208 206 205 150 218 210 145 236 229 110 205 200 196 205 196 234 99 225 149 167 239 164 226 219 98 214 245 219 212 223 220 206 213 198 209 213 139 104 201 207 121 193 199 168 188 134 203 216 191 211 217 242 212 217 210 210 214 225 138 214 227 232 213 223 235 97 99 234 213 199 196 206 208 240 205 226 247 221 220 196 95 195 163 192 243 225 217 197 197 213 131 228 196 177 157 101 181 224 227 218 210 205 197 191 225 207 210 196 234 207 187 206 198 194 154 240 249 213 228 98 115 203 195 206 191 146 211 121 210 172 214 197 192 105 192 196 96 166 208 213 209 220 208 241 221 209 147 235 214 218 197 206 199 199 206 213 212 246 228 199 218 265 199 229 180 193 194 212 262 151 200 213 143 207 216 193 189 117 211 202 226 184 194 230 117 231 152 103 212 102 202 222 178 205 213 230 204 117 196 216 215 193 206 216 111 214 196 234 209 210 227 202 214 215 212 232 193 148 189 236 158 219 199 233 161 224 161 191 246 247 263 169 206 210 202 207 226 127 189 253 197 206 247 193 233 247 204 198 212 97 197 113 238 251 202 217 217
231 239 229 227 203 216 205 148 223 234 216 215 125 217 235 0 225 227 235 149 230 217 231 143 219 259 206 224 200 245 206 229 142 118 197 216 216 207 245 196 231 196 202 217 216 224 227 166 210 218 222 218 224 212 210 205 213 227 218 221 255 241 220 231 231 195 205 222 220 195 216 224 229 269 224 206 215 146 226 179 216 155 241 173 145 214 206 257 243 197 172 237 216 171 216 225 211 240 235 181 235 219 229 239 223 202 141 217 170 216 235 211 245 220 205 182 139 245 211 225 172 234 215 213 252 112 217 221 183 123 214 100 244 224 234 259 231 225 143 206 239 206 219 95 203 210 184 241 219 210 222 232 256 131 197 119 223 221 221 202 98 217 194 106 229 182 211 218 201 116 216 230 233 213 223 192 211 224 224 243 256 198 223 183 222 200 219 207 218 227 214 203 226 126 211 226 213 224 225 224 241 234 251 228 205 120 166 210 222 167 127 193 230 203 233 211 237 247 219 204 222 124 219 279 219 216 210 207 164 117 238 220 224 195 225 233 230 189 220 134 233 157 246 211 225 209 141 262 229 240 208 122 213 216 219 129 145 216 213 216 226 186 226 132 228 240 224 226 139 210 215 206 253 212 223 214 215 223 215 115 241 204 144 163 198 197 233 116 197 162 203 237 222 158 227 204 108 204 198 219 218 170 110 203 220 210 120 232 217 232 218 221 108 220 238 221 219 122 215 225 192 217 177 240 194 175 262 218 191 155 121 219 206
207 249 206 211 228 234 198 216 206 163 223 207 208 209 216 225 0 138 217 163 205 230 250 224 224 259 215 217 174 219 220 217 209 199 225 178 218 240 245 233 98 201 133 196 106 231 104 201 193 230 241 236 215 208 203 215 212 215 222 204 246 213 188 203 178 256 236 255 202 190 102 207 141 231 219 154 257 257 239 233 233 234 205 206 213 258 234 155 233 219 215 165 131 219 218 216 217 198 235 168 232 208 218 214 223 181 205 211 213 215 223 195 179 228 199 237 169 225 236 226 207 223 210 240 219 245 241 211 114 218 230 206 204 188 206 201 224 219 113 231 251 228 148 230 223 114 210 220 234 230 215 213 214 213 207 227 218 227 110 241 237 192 211 255 112 173 217 211 212 206 200 207 224 212 178 259 231 232 223 220 213 202 176 215 136 243 165 249 111 214 228 234 195 203 204 118 233 209 227 215 202 220 250 108 114 207 146 222 199 119 207 250 230 231 209 209 213 121 215 213 230 204 206 205 220 151 207 238 248 208 224 233 232 210 109 225 247 221 223 212 182 208 214 225 233 234 214 233 207 228 238 225 205 199 226 160 243 216 135 103 240 233 205 218 232 121 208 242 248 200 225 238 217 218 222 130 203 214 102 209 227 233 236 182 229 215 210 109 225 230 120 236 178 132 226 181 160 234 152 222 135 214 208 226 237 217 119 126 166 128 211 251 236 233 157 214 213 207 225 213 199 210 144 221 224 164 170 237 193 225 212 204 196
200 208 219 212 230 216 231 188 208 217 209 247 176 165 118 227 138 0 235 196 219 203 254 119 147 190 202 122 111 214 216 215 205 222 208 206 214 204 107 230 131 178 121 227 183 218 215 216 204 217 233 217 223 226 252 221 179 220 217 197 223 208 228 241 216 208 121 149 148 135 100 186 229 207 208 205 191 125 195 201 226 122 197 150 111 199 224 225 251 217 212 209 201 240 206 174 246 206 202 207 206 211 233 210 240 215 221 202 202 192 213 193 204 209 224 201 231 205 212 229 228 228 195 138 225 238 214 236 215 207 230 211 222 242 219 237 226 215 244 202 230 215 217 217 233 252 217 210 96 234 210 153 247 165 198 108 213 217 234 204 225 219 192 218 250 108 223 138 227 188 226 219 148 205 214 238 191 226 215 202 227 162 217 212 192 219 143 201 222 243 254 230 193 236 199 216 205 229 231 226 199 220 213 221 226 250 218 239 152 219 184 211 213 222 222 199 211 117 212 207 150 232 239 227 208 128 236 204 213 212 219 208 230 196 215 207 210 221 251 247 207 214 240 140 224 207 193 214 248 243 208 231 199 200 93 214 108 214 106 154 102 242 233 196 112 118 227 104 216 217 241 263 213 232 230 201 97 126 151 203 220 177 113 193 156 211 150 243 223 215 215 212 226 191 194 213 221 217 240 208 232 165 205 223 219 217 237 209 200 236 189 187 208 210 118 219 188 175 190 134 207 197 221 199 212 215 225 231 223 236 191 209 191
201 217 206 224 169 215 152 219 199 201 209 207 199 212 210 235 217 235 0 215 136 233 174 217 201 106 218 124 229 169 217 198 199 117 208 196 263 227 139 112 239 202 219 203 197 210 182 102 193 143 226 193 222 202 108 224 125 235 213 221 237 198 247 209 99 238 197 246 235 210 203 200 114 128 221 211 201 209 185 234 138 123 226 229 142 225 225 174 196 159 209 197 141 196 238 147 211 137 193 204 163 214 157 185 226 227 198 226 204 105 231 221 206 216 203 193 192 210 202 213 216 191 241 97 203 212 151 222 207 200 198 203 208 232 178 209 209 99 104 210 111 240 237 239 224 246 239 226 202 242 213 99 105 222 103 233 265 221 216 180 205 145 173 213 210 205 249 227 198 226 215 219 208 190 198 236 212 222 234 95 215 210 101 219 199 216 224 148 172 205 203 222 110 201 210 200 214 212 225 202 208 124 228 187 177 221 94 206 245 210 213 206 135 139 223 193 230 198 215 217 229 206 237 187 196 200 199 197 216 214 210 216 225 205 246 212 225 242 149 157 219 187 214 221 233 190 232 213 214 153 173 216 227 221 191 118 224 235 221 217 198 100 231 206 223 194 194 231 150 217 123 206 145 215 141 212 215 216 214 233 220 225 217 201 211 198 210 202 106 220 203 261 205 192 192 199 224 241 190 238 224 220 203 199 252 198 218 240 224 205 137 192 128 202 211 118 231 231 219 197 192 218 197 228 206 223 202 211 193 210 234 239 219
247 209 241 176 223 225 202 124 224 229 106 218 237 219 196 149 163 196 215 0 215 213 196 207 203 216 212 266 197 216 207 241 193 216 194 193 230 215 212 193 222 202 252 226 224 202 225 198 245 244 275 208 237 218 154 213 254 134 214 206 116 199 258 217 243 192 202 240 247 192 219 235 232 218 247 219 201 229 251 205 209 235 141 134 102 221 203 239 215 231 206 240 207 220 226 229 217 107 213 198 231 202 211 247 219 240 249 226 220 262 122 209 186 259 246 214 213 199 209 235 125 204 222 118 226 120 227 242 190 205 238 97 187 142 222 110 239 220 212 201 152 229 210 215 215 205 224 205 121 255 199 215 140 240 224 207 101 228 210 214 230 237 139 129 168 241 206 231 215 208 247 223 214 215 219 211 208 138 247 190 204 130 144 158 229 197 216 118 234 173 161 200 199 190 152 227 204 236 215 200 189 155 235 203 229 250 137 214 241 177 220 190 208 206 233 231 251 254 203 217 199 249 242 217 185 221 233 215 154 240 226 223 140 192 206 219 237 174 199 226 258 199 233 223 186 208 214 222 228 227 103 207 195 203 103 205 203 144 152 222 129 207 257 177 217 229 214 227 239 205 96 229 248 204 240 199 216 111 203 237 192 106 224 197 219 226 231 247 225 215 206 237 218 238 225 237 148 227 195 222 122 217 113 200 208 208 217 152 208 193 213 197 233 206 226 208 189 228 215 206 168 238 225 201 167 193 215 231 201 229 174 149 229
217 177 198 170 212 110 194 211 217 215 140 207 224 193 185 230 205 219 136 215 0 241 229 209 248 137 210 232 239 154 218 215 244 208 124 112 205 207 191 207 107 215 138 221 204 148 224 232 202 131 225 206 236 228 149 230 201 223 213 201 132 210 162 207 200 193 201 218 111 206 242 125 225 196 205 258 211 164 205 260 202 228 222 223 113 208 182 218 192 199 186 210 208 206 197 200 101 179 210 119 199 200 212 197 193 221 150 186 263 239 227 225 146 212 179 218 219 225 105 220 195 198 241 233 106 200 214 114 223 171 141 221 208 193 247 222 236 215 233 95 114 203 187 225 231 205 210 220 222 209 215 198 97 202 103 111 211 207 199 200 191 173 126 194 237 215 234 210 215 162 205 258 179 210 209 210 207 207 225 231 148 236 193 215 206 203 232 223 255 196 210 194 231 191 256 210 206 236 155 222 169 96 192 202 222 198 219 206 109 197 155 164 211 210 225 219 112 237 205 206 195 211 215 219 200 243 196 197 197 201 228 118 217 205 211 214 261 118 197 226 189 113 219 134 233 210 225 233 237 223 225 212 244 98 214 216 231 216 191 236 214 148 206 201 232 195 209 219 202 206 209 206 191 188 104 120 224 216 195 201 198 195 218 206 196 215 208 237 236 255 190 209 224 105 210 199 207 105 216 224 182 206 234 191 226 190 207 208 226 239 206 190 215 217 199 194 213 269 215 207 220 204 203 225 95 220 228 217 202 214 236 204 212
129 181 94 200 204 234 221 193 199 96 249 214 205 229 210 217 230 203 233 213 241 0 241 233 206 225 209 205 215 263 212 191 191 225 199 144 118 191 209 247 167 216 111 124 203 243 211 140 207 211 255 198 152 213 201 218 215 206 193 190 217 237 153 215 208 253 109 196 200 199 236 208 218 142 232 253 240 252 199 196 165 110 221 224 201 214 142 234 217 213 199 204 196 206 240 248 190 215 166 206 211 197 222 160 222 209 213 252 203 217 179 193 122 222 94 95 125 143 221 226 230 200 229 191 208 218 232 224 232 98 190 208 203 107 138 103 188 203 219 207 211 160 221 215 223 211 206 201 221 223 193 259 156 205 138 206 220 226 256 210 212 209 218 186 216 188 196 199 173 202 184 233 202 208 93 217 220 196 212 221 224 170 225 203 201 209 245 227 207 215 101 220 207 203 147 218 95 243 213 216 223 210 200 196 190 188 203 225 165 194 199 207 220 216 192 193 189 215 242 196 201 199 205 213 211 227 195 123 156 198 228 203 225 220 191 217 148 249 241 190 203 209 195 224 193 137 260 113 217 243 196 194 165 215 231 193 199 105 223 193 198 204 127 136 192 222 246 192 104 198 213 208 191 226 227 210 106 235 128 220 224 237 210 217 240 204 213 199 222 196 196 202 178 210 202 117 213 205 110 206 193 231 198 217 200 231 210 213 211 201 97 202 109 162 190 207 136 183 201 123 216 231 216 118 229 218 142 189 218 199 219 207 200
128 204 233 201 208 243 111 213 225 251 212 198 135 239 195 231 250 254 174 196 229 241 0 221 195 226 190 218 255 126 224 212 210 225 204 190 184 187 209 223 211 196 199 209 225 226 247 227 257 161 136 134 141 221 198 224 205 222 201 208 224 232 238 199 93 206 199 245 199 202 253 207 112 176 216 229 164 196 206 214 245 193 204 201 230 131 230 96 199 201 230 208 204 232 220 198 189 214 94 179 209 249 207 231 228 250 237 205 224 190 207 225 183 140 212 225 178 231 201 164 246 228 132 223 216 256 195 130 206 203 216 157 214 233 207 242 160 213 147 204 174 223 199 238 227 269 198 227 234 121 251 246 132 227 248 214 213 186 222 106 192 129 170 202 204 208 247 235 252 220 143 227 220 227 171 237 223 230 234 194 209 227 212 195 227 193 203 210 228 235 250 210 201 224 158 225 177 219 203 204 193 209 222 149 219 242 237 233 258 248 219 198 99 166 209 228 213 192 197 217 133 107 128 189 195 222 240 161 190 262 237 226 220 148 141 215 215 230 203 195 229 201 220 209 242 165 219 235 206 146 241 250 161 220 217 198 146 178 215 236 174 187 217 105 235 244 171 196 240 212 100 244 239 200 223 219 207 196 205 216 212 212 199 201 135 257 110 201 93 213 134 224 199 214 191 215 235 201 206 254 202 228 205 212 193 193 221 215 259 197 223 206 210 210 212 96 202 189 228 209 236 227 205 201 213 238 237 191 162 135 178 202 113
221 194 229 238 231 214 174 166 228 254 237 198 225 222 205 143 224 119 217 207 209 233 221 0 227 210 238 205 204 201 195 215 201 201 210 218 133 180 226 217 250 190 215 206 222 145 220 207 220 206 222 238 227 203 201 226 136 192 124 243 240 199 224 228 271 216 135 210 172 212 219 226 225 214 164 210 216 97 218 136 121 211 231 210 210 201 220 197 205 241 197 212 216 200 236 125 217 218 199 230 177 220 233 202 226 119 228 219 202 146 102 204 256 237 247 230 177 203 107 201 128 208 131 238 207 214 98 206 214 212 223 121 244 190 251 206 211 118 202 213 223 211 236 98 207 246 170 219 203 234 194 240 168 228 209 227 215 239 258 219 178 190 197 235 232 202 208 225 239 208 248 159 132 211 235 202 232 246 109 202 226 222 205 147 207 220 201 220 226 218 222 224 213 205 235 228 201 110 228 168 253 217 208 206 211 229 238 226 230 188 206 211 193 202 200 177 216 210 242 232 113 236 236 199 170 137 117 221 155 196 231 93 229 203 235 220 234 211 251 245 203 136 219 194 210 208 200 120 230 214 221 263 180 236 118 210 227 223 206 207 221 240 132 203 212 103 236 197 251 216 228 209 213 215 208 213 216 96 233 203 192 207 232 228 201 199 215 198 128 215 214 193 198 220 205 225 213 216 203 221 248 189 253 224 238 245 118 285 220 204 221 210 137 210 201 200 202 212 109 207 223 218 206 123 209 228 200 226 194 245 123 253 246
212 191 226 208 94 183 214 224 223 209 222 111 216 236 174 219 224 147 201 203 248 206 195 227 0 238 228 203 199 240 200 141 214 200 167 199 216 151 130 188 259 213 225 220 276 218 205 216 211 209 160 196 226 190 121 213 179 258 244 198 218 209 121 230 102 196 227 191 206 258 220 224 222 215 220 221 221 228 211 154 211 140 230 239 204 226 224 261 211 252 225 212 236 224 179 180 174 242 234 241 233 203 147 226 255 161 196 237 221 176 207 234 206 270 218 237 252 209 205 176 188 231 187 243 201 224 247 226 228 212 201 238 93 130 203 213 198 233 197 213 214 237 208 212 221 110 202 198 228 212 132 216 205 228 215 225 214 220 187 247 121 269 227 231 206 222 222 191 206 229 102 217 205 202 145 130 244 250 213 197 149 125 187 201 222 240 193 221 219 215 218 253 127 203 205 119 197 225 215 211 200 212 215 196 119 218 109 227 226 225 106 228 128 239 218 212 223 201 203 255 236 209 214 221 202 198 223 227 195 204 225 227 230 218 204 103 223 130 199 234 229 216 214 230 153 218 156 234 213 237 130 234 191 208 223 207 230 237 224 199 94 255 205 188 225 221 225 225 212 203 107 224 210 228 153 207 214 217 255 205 212 225 228 208 148 195 180 215 216 236 209 212 208 227 206 119 237 213 224 209 257 204 212 156 243 195 109 243 210 204 239 139 186 202 212 222 138 168 247 214 237 268 118 196 217 232 241 214 212 210 221 229 194
217 228 232 226 220 225 211 223 250 160 110 245 260 256 104 259 259 190 106 216 137 225 226 210 238 0 262 230 225 200 227 246 212 220 229 220 240 204 199 218 244 195 207 232 251 259 196 194 212 105 223 206 243 230 211 224 228 226 164 257 242 244 203 218 205 177 214 218 200 219 278 234 220 109 208 194 246 229 194 242 243 195 178 242 245 214 148 229 203 220 232 247 203 209 246 164 221 219 237 240 202 251 215 199 229 226 202 120 221 211 222 225 186 178 256 171 221 209 241 126 242 201 252 203 243 197 177 249 236 246 229 226 214 151 242 223 201 205 210 232 148 201 203 208 202 240 207 199 189 198 214 205 208 247 196 211 199 211 266 198 161 248 113 213 233 240 210 211 144 219 162 205 254 210 262 223 215 206 128 201 208 235 207 232 239 224 227 216 205 239 198 231 189 224 245 202 214 202 243 102 213 193 202 198 203 197 200 230 164 209 230 227 200 146 177 228 213 143 223 235 219 173 212 204 144 201 93 102 255 206 235 232 206 196 226 254 245 172 210 136 238 135 111 208 239 196 232 122 206 103 227 211 241 221 256 224 259 211 216 253 220 204 256 207 117 138 108 206 217 209 131 126 222 150 220 144 207 248 222 145 168 228 259 232 214 198 140 220 212 221 232 225 198 242 211 204 262 212 199 176 205 265 236 205 244 221 232 263 223 228 223 246 234 231 194 224 225 239 252 202 171 217 204 236 232 201 198 217 228 239 166 212 113
220 236 198 212 231 230 217 158 225 218 201 227 210 220 158 206 215 202 218 212 210 209 190 238 228 262 0 228 209 198 215 229 208 232 227 207 132 208 172 246 117 117 234 205 212 254 223 209 117 201 226 198 216 208 242 212 240 203 203 223 213 200 201 236 209 230 222 218 175 220 246 208 108 212 187 250 218 213 204 216 211 224 192 223 110 124 223 217 201 203 206 216 191 230 219 220 192 212 211 203 209 210 192 96 140 196 225 192 122 216 223 240 116 240 199 133 203 249 206 207 218 212 204 229 130 208 204 178 211 213 205 260 221 217 227 216 105 215 151 135 266 238 201 191 206 141 230 202 227 217 230 197 113 177 239 150 217 222 199 108 226 208 212 204 132 216 112 145 123 170 228 198 191 225 231 224 149 181 215 224 237 214 225 221 219 198 214 208 231 212 108 176 216 210 216 220 220 229 146 217 221 215 133 213 215 218 248 224 253 189 194 192 230 225 197 229 241 189 206 96 201 229 179 216 239 209 210 210 216 110 213 213 197 221 131 252 120 221 101 211 210 230 223 121 214 226 192 237 199 192 240 248 123 211 154 213 166 117 96 232 134 239 215 228 232 217 198 158 221 220 204 137 241 215 165 194 239 238 225 200 224 239 217 204 167 216 179 220 231 216 211 133 182 125 214 217 192 203 208 198 230 201 155 195 192 206 217 208 242 206 209 104 251 151 234 226 209 242 189 131 259 243 172 228 234 157 134 97 139 209 115 196 181
222 112 242 222 224 223 205 226 197 149 219 209 130 175 233 224 217 122 124 266 232 205 218 205 203 230 228 0 196 194 219 219 209 241 200 222 226 208 152 196 223 230 243 215 215 226 181 182 180 199 141 215 129 145 219 262 249 227 196 203 205 130 221 204 125 216 96 219 172 155 195 194 189 252 204 97 232 204 220 202 223 193 157 194 208 209 231 206 245 189 243 221 225 207 205 239 213 227 170 145 135 214 200 214 220 237 213 177 203 214 201 226 247 155 221 142 156 212 142 263 208 225 205 221 210 226 107 238 218 184 215 201 110 214 201 224 242 199 192 213 234 189 225 258 201 204 184 214 215 201 214 223 179 227 153 136 206 168 204 222 216 205 228 212 205 214 228 235 203 220 210 205 220 145 240 218 210 216 204 219 204 244 224 223 201 200 100 242 106 225 219 255 223 250 220 196 218 132 222 152 168 244 248 202 243 164 218 215 229 286 217 220 193 252 245 209 224 208 211 245 227 196 235 202 189 200 198 233 117 204 226 192 210 206 145 221 110 207 243 239 117 244 121 107 222 217 188 237 192 212 167 251 213 233 215 222 222 173 215 230 156 209 200 236 234 203 164 200 248 158 221 247 227 242 214 193 219 205 233 109 225 244 93 152 191 208 200 210 208 195 216 242 106 214 214 211 149 127 214 200 193 214 203 142 201 151 237 187 198 190 261 244 213 242 196 242 246 202 121 101 136 226 223 149 201 220 226 212 209 240 245 117 211
205 210 284 225 225 221 205 206 190 215 216 198 269 206 229 200 174 111 229 197 239 215 255 204 199 225 209 196 0 260 207 134 262 219 197 216 151 199 218 196 188 196 124 248 244 205 227 180 226 246 236 168 236 245 213 189 217 191 106 184 238 172 222 215 262 106 205 192 199 195 211 186 207 147 204 233 199 156 204 167 219 212 199 136 222 201 206 232 235 132 220 209 200 196 229 236 230 216 243 207 208 196 194 209 175 124 242 282 225 189 102 165 93 244 234 228 204 236 144 228 242 216 145 132 204 217 205 243 104 201 206 100 230 233 215 199 188 193 247 207 231 206 223 247 195 210 195 207 98 195 248 201 235 233 216 206 200 221 138 201 207 219 192 184 279 152 256 157 196 215 277 244 241 94 221 159 211 115 231 189 205 205 211 263 218 200 208 210 242 226 186 126 247 193 198 190 201 251 183 229 235 220 234 239 248 207 238 201 195 232 243 170 156 272 231 205 219 228 176 241 207 207 259 226 246 211 236 251 200 176 244 234 244 154 235 96 239 211 246 188 223 229 193 196 217 200 195 103 211 265 208 120 145 224 204 217 165 208 217 222 213 203 190 207 223 199 218 130 209 201 192 153 193 216 226 189 207 237 199 213 217 216 224 188 198 206 194 188 211 160 221 214 169 208 202 230 218 271 198 229 194 202 207 189 203 219 187 258 226 251 206 237 209 191 221 215 231 232 116 95 227 218 190 201 232 225 221 229 228 255 233 215 245
152 163 204 242 236 213 224 112 251 204 203 231 219 230 241 245 219 214 169 216 154 263 126 201 240 200 198 194 260 0 236 225 213 210 202 128 243 128 257 219 219 228 203 257 133 227 222 228 200 243 221 186 111 212 180 220 242 221 221 227 144 215 210 244 219 168 212 240 254 112 194 216 216 238 204 287 227 126 206 206 237 201 198 179 215 257 167 222 164 161 232 249 208 138 253 220 201 247 220 200 184 224 201 105 225 205 244 237 260 213 173 101 243 138 188 210 191 224 166 220 216 167 218 245 237 221 224 209 156 226 232 207 251 207 230 229 209 218 244 224 220 144 234 217 189 245 212 208 235 152 203 138 244 255 218 224 208 242 205 219 228 226 183 244 210 247 189 227 213 212 138 243 284 196 258 127 222 224 244 162 245 179 216 218 216 140 210 202 232 197 258 221 210 221 181 245 199 195 239 98 243 221 199 243 151 269 215 152 192 209 213 225 201 198 168 198 204 198 229 102 214 160 237 225 260 256 219 181 129 205 187 236 218 227 115 229 198 225 120 245 195 214 208 223 231 250 196 231 234 201 245 213 232 215 172 217 234 209 261 216 178 200 237 231 244 226 234 234 215 232 202 217 238 243 204 123 225 105 225 215 195 229 101 223 227 251 214 231 219 153 162 136 188 226 131 236 198 213 228 258 220 253 196 200 147 238 258 93 138 202 252 231 231 156 218 210 216 238 198 244 205 246 200 244 202 222 194 237 226 214 244 205 239
