312 141 10 16

0 214 199 159 230 201 248 246 222 100 212 190 222 185 222 232 220 181 237 209 202 129 102 152 223 210 220 144 221 189 215 225 247 214 110 206 219 236 183 208 225 199 202 224 201 202 147 231 257 196 202 196 201 205 235 214 155 234 96 195 165 224 205 238 196 227 192 203 228 258 191 101 132 221 200 229 251 94 212 183 199 218 103 204 265 244 188 194 216 249 229 108 200 195 210 205 175 220 239 234 204 238 197 189 185 229 214 206 193 201 189 159 217 194 240 205 205 191 135 245 236 169 205 225 200 220 214 170 208 114 251 201 193 222 177 234 96 203 210 221 235 233 198 160 222 201 222 200 243 136 192 217 213 212 218 190 152 195 225 211 102 197 191 229 251 173 208 187 195 210 237 201 207 197 202 214 211 217 205 231 241 228 211 204 221 148 201 209 223 236 191 139 191 225 213 202 154 219 233 121 250 201 205 241 104 205 210 139 241 164 213 251 132 252 206 229 233 207 251 158 202 187 204 234 208 191 215 198 230 212 100 234 222 214 105 243 202 226 214 211 135 223 210 174 241 218 140 225 220 205 107 209 209 218 257 195 220 243 175 210 172 182 218 223 199 263 246 209 236 141 214 241 93 110 214 249 208 249 252 207 213 202 169 245 199 112 205 211 128 216 210 213 200 201 231 206 165 195 204 198 209 208 262 189 199 197 216 228 230 114 231 190
214 0 258 196 104 212 146 105 199 181 205 208 203 257 111 213 234 183 123 195 259 94 228 234 213 153 207 211 202 252 196 209 203 234 224 213 202 229 263 193 209 215 217 158 206 205 224 230 197 251 169 223 215 140 250 203 227 226 118 176 121 235 116 239 235 209 242 205 212 217 221 219 191 256 227 179 212 210 108 147 151 223 189 217 219 220 213 210 203 248 220 225 183 179 222 281 214 212 214 236 252 210 95 198 244 199 206 210 239 272 106 222 222 273 198 226 215 258 219 241 203 247 204 200 223 245 183 210 263 154 212 178 241 199 220 209 199 252 208 210 210 242 205 101 207 208 222 213 117 117 251 225 201 219 112 212 208 202 205 224 216 230 231 203 218 217 258 218 221 232 234 243 282 241 172 219 174 211 156 198 219 234 171 229 228 190 242 219 221 148 224 213 224 122 225 231 221 232 212 201 156 202 249 139 211 228 209 212 227 190 185 236 226 254 224 246 107 228 232 214 232 242 177 218 201 212 214 180 235 195 222 207 210 218 112 182 247 191 170 200 110 207 216 206 226 202 212 186 244 238 214 208 221 230 210 238 227 220 216 200 195 209 227 225 213 225 179 195 201 197 249 260 172 211 197 201 211 253 202 223 145 150 158 245 202 211 227 207 112 202 202 180 225 243 177 210 211 210 157 213 173 207 213 211 219 219 156 121 247 212 198 127
199 258 0 210 208 221 150 219 206 226 225 250 206 228 208 211 213 234 219 190 145 216 238 233 237 207 104 111 241 133 223 228 226 121 234 225 120 207 120 235 197 186 225 218 217 127 227 218 115 224 232 168 132 213 205 234 204 232 206 220 161 250 219 135 214 197 109 141 136 137 215 121 208 199 97 200 212 228 204 204 217 191 238 213 214 131 189 230 159 227 178 212 220 215 246 217 202 224 100 208 206 235 223 215 212 200 230 240 231 209 208 229 203 135 211 222 201 221 233 209 209 229 236 147 199 212 106 207 230 242 220 262 217 216 204 248 218 234 101 221 225 223 238 208 164 216 200 229 141 217 131 211 209 152 194 179 219 190 210 198 209 145 101 216 206 230 232 225 221 199 132 221 238 211 218 207 255 152 231 212 213 236 216 213 211 226 201 214 214 212 229 208 206 259 229 225 225 207 230 224 195 212 209 195 275 194 226 116 215 207 220 211 177 219 135 217 202 199 252 172 205 199 113 241 214 203 202 215 226 241 202 230 202 113 195 218 237 190 95 219 245 212 221 202 111 217 228 240 247 218 213 223 173 217 239 200 224 132 233 193 115 203 203 127 222 227 106 221 210 219 198 158 199 147 214 212 124 224 212 97 113 209 213 193 200 201 224 212 220 218 224 101 217 243 135 231 217 149 231 186 157 210 217 222 110 209 197 228 217 195 192 228
159 196 210 0 194 199 157 222 250 246 248 206 209 228 220 193 234 217 214 218 279 102 162 143 247 234 217 213 212 215 215 235 231 177 229 238 192 208 216 287 228 222 236 240 230 214 222 214 212 230 219 241 214 238 252 211 210 219 110 141 223 241 204 119 226 252 210 226 222 241 204 204 203 244 219 259 205 240 198 124 131 240 227 208 262 256 210 222 123 229 210 227 194 237 179 164 216 100 209 228 202 248 243 180 256 281 116 257 210 200 256 239 218 171 194 165 219 202 217 219 231 240 188 208 233 225 225 176 197 231 236 167 267 262 213 169 208 261 218 239 152 195 215 208 194 199 243 208 212 216 159 228 210 169 215 204 248 212 157 206 239 141 211 211 136 245 122 221 199 219 221 236 200 241 210 209 188 206 224 149 207 228 109 230 242 227 233 253 235 231 232 205 114 198 197 158 203 226 227 138 235 191 229 221 180 214 245 250 222 198 230 187 225 93 193 221 215 214 219 228 146 214 208 167 212 238 222 228 207 220 214 203 272 108 243 216 209 199 253 214 144 234 240 220 210 218 211 229 247 215 208 193 273 232 209 106 240 205 251 200 203 206 245 202 203 244 236 203 111 197 199 162 248 141 151 97 116 136 207 163 209 227 213 219 275 220 211 223 220 223 173 205 155 278 229 218 211 238 255 228 194 238 215 203 243 125 212 222 195 153 248 159
230 104 208 194 0 205 201 206 126 232 211 124 191 205 215 210 218 162 201 200 200 198 128 245 173 203 175 199 213 201 192 176 200 215 257 209 108 218 198 141 180 200 234 99 211 201 217 205 93 196 205 190 127 112 191 198 191 194 207 229 94 226 203 216 235 105 210 252 217 208 219 196 218 177 189 211 108 189 212 231 192 207 217 188 216 208 224 214 219 201 231 202 202 237 188 221 189 108 172 211 220 199 199 94 199 207 153 198 191 193 210 207 200 215 194 218 200 197 200 236 99 222 100 218 210 201 207 236 203 205 202 250 191 213 125 198 229 185 143 208 162 201 217 193 193 231 218 166 191 202 201 194 200 195 208 244 104 190 118 190 159 214 238 111 213 194 211 218 206 245 130 185 200 202 132 156 225 131 214 228 206 139 236 213 216 154 216 216 198 94 207 226 203 226 182 211 203 187 213 204 191 192 222 165 238 204 212 185 190 235 192 176 150 195 201 255 211 201 218 203 144 168 193 118 196 198 238 193 201 193 220 104 212 197 216 219 213 223 204 255 208 212 197 119 122 230 132 94 193 206 216 216 187 228 205 199 222 193 213 241 201 207 126 219 192 230 204 219 239 198 195 212 221 239 157 97 222 196 98 231 219 205 168 213 98 135 214 190 216 196 189 197 192 217 222 191 211 205 229 241 194 103 210 197 211 233 219 222 203 216 94 226
201 212 221 199 205 0 219 169 192 203 258 166 158 217 223 200 220 210 242 230 228 158 216 196 207 207 206 212 227 195 201 196 215 126 209 218 110 191 189 202 236 160 212 242 210 218 219 239 204 205 208 165 220 218 236 221 150 127 204 208 221 246 194 203 209 203 132 97 101 240 226 222 148 223 206 260 204 107 216 199 245 209 218 96 119 222 219 240 214 225 202 218 193 225 210 195 247 99 216 232 209 210 217 143 152 213 234 198 217 199 245 211 190 225 208 210 212 209 225 222 210 214 207 211 230 203 197 109 216 247 150 120 110 214 226 170 231 192 229 247 202 194 107 194 202 205 97 218 202 206 205 200 209 204 100 196 247 204 125 107 218 183 214 236 208 203 222 212 208 207 121 208 227 201 224 130 200 117 200 205 101 206 116 140 155 195 223 136 235 207 150 235 208 184 209 232 208 212 135 213 249 257 222 241 230 216 226 105 239 212 123 230 132 209 192 194 169 218 216 202 244 216 234 236 239 200 230 233 214 191 200 204 218 206 200 236 215 255 210 229 221 234 223 216 228 203 105 147 202 214 211 229 206 214 202 210 213 208 198 213 210 222 220 263 210 208 191 210 187 257 220 221 211 193 224 216 229 205 107 211 131 214 216 229 232 206 114 165 201 197 162 193 201 229 217 208 205 202 215 214 204 115 223 203 212 204 211 253 112 190 165 150
248 146 150 157 201 219 0 225 98 203 191 216 243 238 216 188 237 236 238 118 223 163 235 258 224 116 223 227 125 140 218 198 227 239 242 107 225 213 211 249 236 231 249 214 271 206 248 201 173 252 202 216 119 203 230 228 227 221 215 229 220 214 262 238 228 148 213 212 224 207 220 202 190 208 202 230 204 232 211 224 236 202 198 154 234 165 241 217 192 212 107 243 201 237 231 240 231 257 203 206 219 242 239 243 99 146 217 217 193 217 221 251 243 142 220 146 219 223 204 222 188 205 212 254 104 216 250 197 190 222 244 176 110 226 233 217 237 227 230 211 211 240 211 123 162 224 193 258 237 234 246 118 159 221 119 244 258 197 212 188 218 210 238 101 227 227 240 94 209 200 149 211 214 281 244 226 237 222 204 212 163 212 225 229 240 208 218 214 143 207 208 134 244 132 142 236 245 167 237 217 230 245 250 208 170 237 225 218 235 218 240 221 244 246 261 222 241 219 216 212 204 205 232 228 192 219 213 233 196 218 213 123 218 157 208 232 202 166 147 218 227 213 233 254 210 227 212 206 234 202 151 276 220 138 219 116 167 261 257 210 205 183 208 108 267 217 256 234 196 217 204 132 188 245 230 229 201 233 246 214 191 224 135 208 228 218 233 188 200 237 232 212 241 226 194 231 259 197 215 228 262 195 223 216 207 201 226 248 225 200 107 227
246 105 219 222 206 169 225 0 201 220 227 230 209 250 214 202 230 201 206 247 247 199 194 229 201 209 146 251 221 199 205 244 145 224 276 140 187 212 228 227 221 209 211 211 217 217 241 163 218 217 97 201 131 198 193 237 223 235 215 224 195 214 221 245 218 243 218 100 257 224 227 230 217 224 240 209 232 244 204 222 223 205 205 207 233 209 218 229 212 149 200 199 231 244 148 199 109 239 206 223 175 172 200 168 233 192 202 245 241 238 193 246 193 239 221 196 249 260 205 256 203 223 238 219 240 244 203 199 219 195 209 283 279 211 139 196 237 240 118 231 205 259 117 188 205 215 266 108 106 208 242 210 237 233 206 217 218 124 203 157 217 168 230 230 224 222 247 213 232 217 217 243 209 227 200 130 210 224 210 208 208 207 226 171 255 198 216 231 149 217 217 225 218 127 201 170 211 216 203 222 227 97 219 225 204 207 215 107 148 130 233 200 121 234 244 141 212 217 212 205 217 247 216 240 115 194 230 225 224 221 175 102 232 156 204 250 214 253 213 262 206 223 235 106 220 210 215 172 208 136 213 257 124 204 143 146 170 211 200 113 248 106 123 228 169 236 181 242 225 196 206 255 206 196 214 208 106 217 223 227 234 201 203 156 180 216 249 267 210 229 211 137 146 204 236 215 208 257 214 223 207 226 208 195 277 211 219 204 232 193 230 206
222 199 206 250 126 192 98 201 0 147 212 217 201 245 210 200 198 241 227 192 128 223 153 214 227 214 125 219 211 215 193 150 179 211 221 154 206 189 266 264 236 207 227 225 204 211 194 234 169 210 104 209 132 165 198 208 218 140 196 195 220 116 193 227 187 231 157 240 224 218 227 248 199 214 219 244 234 215 231 126 241 190 221 216 206 196 207 230 208 226 204 232 215 229 219 229 133 219 205 212 240 232 234 177 197 192 209 261 95 206 200 240 233 180 195 203 223 194 193 189 210 224 156 207 202 229 152 215 218 202 251 141 102 235 188 263 243 219 205 136 226 216 190 98 204 205 95 234 227 226 242 97 198 234 183 176 185 208 139 201 162 112 212 199 214 261 247 192 226 203 197 239 201 212 221 234 230 188 126 193 222 209 196 250 235 200 164 210 210 197 197 200 206 178 187 138 196 221 217 187 132 240 222 110 225 231 206 225 246 216 203 217 251 168 202 202 218 238 250 233 137 111 234 215 206 186 211 164 238 239 238 187 210 194 204 209 122 209 232 153 251 221 201 230 112 129 204 220 204 104 224 205 122 198 212 214 212 225 204 129 245 233 226 206 198 218 189 213 227 185 213 230 129 234 209 223 136 221 224 225 93 217 98 193 224 197 199 238 171 191 228 200 236 181 96 228 161 99 232 203 213 143 251 191 150 212 201 194 205 209 205 230
100 181 226 246 232 203 203 220 147 0 112 198 226 192 130 168 227 194 221 227 138 210 202 220 260 210 228 122 156 218 208 141 232 260 210 199 224 189 230 235 232 208 225 239 201 276 218 248 174 196 247 213 118 233 201 178 201 214 196 124 202 219 172 207 163 127 205 233 225 214 223 201 232 160 134 221 236 123 209 217 238 196 203 226 222 206 236 216 244 224 260 208 190 247 244 234 222 229 234 223 130 221 117 202 223 158 195 236 229 196 153 119 225 215 219 234 207 124 235 205 227 101 165 125 235 262 203 235 236 214 231 244 93 221 207 227 96 210 251 184 237 232 210 237 220 233 242 226 218 214 95 159 238 168 191 193 223 216 167 221 201 226 230 240 231 175 198 236 200 223 204 246 214 225 171 165 255 132 225 213 232 257 211 217 154 191 203 262 205 138 191 199 226 221 199 203 238 145 226 212 248 242 205 224 127 211 227 113 218 194 212 209 200 153 136 208 236 107 254 232 209 221 237 180 138 191 228 199 217 212 198 219 170 213 199 219 203 194 218 128 220 205 204 256 233 232 195 205 237 133 207 230 199 224 241 233 123 276 230 217 173 168 212 232 168 191 200 209 149 195 197 212 193 210 255 253 250 250 186 248 113 237 231 213 157 197 220 270 226 246 110 145 201 190 222 228 240 241 204 98 188 149 212 233 238 238 190 240 229 214 229 243
212 205 225 248 211 258 191 227 212 112 0 197 229 213 189 98 200 145 215 193 162 236 241 212 234 130 228 198 218 210 123 138 246 233 210 199 203 246 182 224 215 199 250 165 211 164 221 219 240 207 181 228 171 190 191 199 214 212 193 107 166 114 153 194 211 197 234 228 173 229 210 208 203 124 216 109 195 198 97 223 215 185 238 199 223 94 126 193 216 117 211 120 215 247 205 200 191 216 210 206 222 211 216 117 224 192 133 229 117 137 147 231 195 214 239 217 221 224 194 253 229 196 214 231 212 216 162 229 145 194 200 252 205 190 203 235 208 241 200 235 128 237 208 218 210 209 220 177 197 222 202 201 191 194 253 99 204 231 250 151 209 194 191 196 201 216 224 204 214 175 185 208 102 219 214 216 150 244 229 200 219 223 198 215 222 203 220 240 196 216 219 222 225 204 98 198 214 210 201 195 136 130 211 253 124 214 197 181 193 206 191 151 195 198 193 96 186 219 221 224 211 221 248 203 190 206 116 190 189 194 229 206 242 207 213 123 206 209 214 205 136 93 229 195 216 201 245 222 241 224 140 207 228 219 146 187 195 169 184 197 239 133 211 214 260 233 219 157 190 225 94 100 204 201 252 161 218 214 214 212 197 215 171 118 217 224 229 216 223 191 187 193 230 212 126 187 128 191 231 194 121 235 100 218 210 202 231 228 225 164 208 206
190 208 250 206 124 166 216 230 217 198 197 0 227 226 207 232 217 211 173 220 216 241 222 241 216 218 252 217 240 190 232 121 190 239 218 238 184 244 202 214 218 216 225 212 94 201 200 204 206 233 206 200 201 205 260 204 187 211 217 186 171 191 214 221 260 194 196 211 219 212 195 211 173 235 232 216 232 206 100 242 193 216 214 109 96 210 171 243 224 151 225 94 208 198 215 259 245 161 198 227 203 201 230 202 201 172 193 226 197 187 213 246 203 218 221 191 188 195 103 124 204 200 207 230 204 233 200 235 250 159 209 223 236 253 200 189 199 167 203 147 243 209 219 192 163 153 207 210 220 230 213 135 194 222 222 198 228 113 229 207 206 105 195 210 175 218 221 191 193 235 124 216 211 205 233 248 241 211 227 128 215 188 170 253 197 260 251 254 212 218 236 191 154 215 222 249 223 266 203 234 228 196 258 221 240 265 226 204 219 196 218 221 201 224 203 203 193 211 213 215 261 144 216 242 193 208 148 114 224 204 222 228 158 177 194 242 98 217 208 208 190 132 142 189 203 204 205 218 206 222 192 179 236 224 203 100 229 212 122 194 232 200 107 217 237 253 163 218 193 244 193 262 97 249 247 217 211 218 222 174 220 162 246 219 215 223 204 201 267 194 197 199 214 112 223 226 103 138 141 147 196 224 245 208 203 196 118 219 221 210 203 207
222 203 206 209 191 158 243 209 201 226 229 227 0 257 229 174 202 209 199 167 172 193 195 220 97 223 221 194 203 214 204 253 133 202 240 216 222 200 166 250 216 143 237 215 189 204 205 136 209 210 210 201 202 214 213 236 226 140 204 229 196 196 211 211 248 234 226 223 211 258 190 191 128 224 212 213 198 215 211 225 194 210 194 152 222 216 198 117 203 233 253 237 176 206 257 193 208 207 106 216 219 220 214 230 253 206 104 196 223 188 214 173 192 200 232 213 245 192 205 152 234 232 221 263 205 176 274 199 222 203 257 198 252 218 193 129 205 221 232 203 193 192 108 169 204 206 106 101 193 204 204 201 195 218 204 241 221 241 196 201 264 199 216 235 200 222 198 216 220 208 210 226 254 242 164 205 201 197 201 205 223 200 192 232 217 252 207 202 204 212 210 242 209 215 203 225 201 214 208 101 241 198 96 213 194 202 208 214 238 208 209 219 256 237 207 211 203 119 213 216 209 202 219 198 118 198 214 227 134 205 242 153 144 222 201 214 215 248 190 231 93 203 228 229 221 206 232 226 214 207 134 213 102 208 230 127 203 241 214 199 199 194 201 231 98 231 199 216 205 112 220 232 215 208 103 207 207 261 191 202 248 194 228 249 93 233 272 199 111 202 201 192 97 238 226 243 198 148 218 169 189 210 140 138 221 150 188 218 201 226 211 196
185 257 228 228 205 217 238 250 245 192 213 226 257 0 205 242 230 201 226 228 250 168 176 204 208 217 216 239 183 128 272 236 204 218 245 242 146 191 264 263 204 124 203 229 249 248 213 239 206 222 246 237 119 231 229 118 163 244 217 231 136 217 209 211 252 240 151 192 239 232 262 209 215 140 181 234 181 195 156 222 215 209 216 207 222 232 231 211 220 222 243 208 222 225 197 165 143 176 210 257 208 213 182 204 198 196 197 99 253 198 279 203 99 117 218 228 190 223 235 223 210 240 256 219 142 181 206 192 236 244 252 258 258 216 239 243 222 233 226 229 241 271 220 237 222 226 248 165 200 201 97 273 203 154 197 199 239 214 260 159 242 232 172 243 242 233 241 233 202 209 178 135 192 144 231 215 127 191 141 98 222 244 262 232 233 213 208 215 198 242 161 158 212 240 115 194 253 192 226 217 206 234 195 222 111 107 235 232 229 223 219 146 213 219 245 260 233 206 233 112 244 223 221 176 195 206 115 250 221 235 211 225 219 120 212 242 237 172 256 213 212 250 206 175 219 233 220 144 244 194 198 197 155 226 228 215 201 181 269 216 215 208 213 213 234 186 267 267 230 208 223 223 229 114 213 158 227 112 199 194 198 205 238 222 219 199 220 207 210 217 190 238 193 213 198 196 192 202 232 111 142 102 217 217 257 141 192 211 160 227 272 212
222 111 208 220 215 223 216 214 210 130 189 207 229 205 0 227 248 208 234 162 230 205 153 249 132 138 197 138 227 260 258 98 196 237 211 202 217 242 209 193 160 208 106 220 136 224 206 209 218 229 117 189 221 177 205 201 202 215 225 192 232 213 118 241 213 166 231 204 209 191 225 190 199 205 211 206 218 245 210 226 210 203 227 127 220 192 202 212 203 196 194 155 216 222 194 248 238 231 206 206 237 99 206 222 226 208 220 106 205 205 213 240 111 216 215 191 200 252 239 217 213 231 169 255 112 199 202 200 212 108 101 129 207 228 210 237 196 231 218 148 218 213 214 212 220 166 223 230 228 220 225 176 199 202 200 213 217 244 135 218 206 144 170 214 107 213 224 231 226 205 203 210 204 130 108 201 211 225 238 214 224 223 209 196 223 227 218 212 191 220 218 207 113 198 239 127 208 194 188 198 208 219 207 234 214 252 234 191 193 226 219 217 181 228 238 205 121 224 238 243 243 202 261 206 258 205 227 93 225 141 221 208 99 175 223 216 235 194 185 196 221 96 192 204 155 283 214 183 230 208 205 220 263 225 218 206 211 229 230 204 206 218 264 225 209 162 204 137 233 217 189 219 219 169 177 123 202 236 206 248 174 212 212 216 206 262 116 214 223 153 198 107 215 217 211 190 173 111 239 228 220 213 102 216 108 205 210 223 136 238 221 202
232 213 211 193 210 200 188 202 200 168 98 232 174 242 227 0 102 196 197 201 251 244 200 134 230 197 224 223 196 230 221 214 212 206 216 204 199 170 195 214 234 207 249 227 205 215 235 237 213 197 256 252 150 216 252 229 201 226 204 205 226 212 193 193 250 121 136 211 198 208 187 204 136 102 208 207 187 219 195 128 218 119 199 210 136 192 124 99 206 215 235 188 159 224 227 251 218 241 194 236 193 215 118 215 221 94 218 226 148 228 192 186 191 195 178 219 191 197 205 227 202 207 195 167 217 221 207 207 198 215 253 233 215 222 201 206 215 143 263 202 226 217 147 217 191 211 205 102 237 183 223 103 227 114 206 110 106 201 197 225 238 197 218 245 191 230 249 223 118 122 162 192 197 219 202 228 240 213 240 206 167 201 100 251 154 220 217 168 217 118 158 156 229 248 196 100 233 202 210 203 224 223 236 214 222 265 239 95 248 196 93 194 222 100 204 194 220 206 186 171 113 251 215 226 209 200 214 235 156 205 224 222 217 199 240 191 200 217 215 203 231 191 143 242 201 222 254 232 217 126 201 213 207 204 215 211 207 182 213 219 179 192 230 202 194 196 179 198 189 220 192 198 170 193 214 234 212 232 187 234 215 195 198 215 258 208 161 118 213 224 201 200 177 199 213 128 216 210 248 205 165 221 198 197 139 205 193 201 217 118 218 225
220 234 213 234 218 220 237 230 198 227 200 217 202 230 248 102 0 94 216 119 224 217 263 236 246 173 221 270 214 205 204 267 194 218 232 211 139 190 93 228 173 246 236 220 223 155 154 278 243 234 245 193 217 248 215 238 239 133 124 206 124 229 179 190 209 223 238 222 234 215 240 256 213 204 189 235 263 243 191 230 244 221 256 186 143 218 197 119 215 240 241 234 213 251 222 245 215 209 153 200 207 212 220 245 231 196 217 244 245 196 242 227 217 231 138 222 204 268 223 125 153 187 221 189 220 232 232 111 261 147 239 243 237 222 249 236 246 214 258 202 217 250 213 213 220 134 240 194 204 215 219 205 242 211 197 128 208 191 205 180 246 225 224 205 195 233 198 214 220 194 219 212 216 151 217 248 192 165 209 190 229 208 202 232 208 253 206 270 223 220 175 219 198 234 115 200 198 227 215 101 122 215 220 243 232 188 228 197 204 121 195 227 248 202 222 208 127 165 215 218 215 223 215 214 213 248 261 209 250 226 228 188 255 232 206 127 163 203 145 148 231 203 227 189 214 242 200 224 204 94 218 232 208 108 202 229 203 223 194 196 233 171 212 241 222 153 211 218 244 189 192 147 206 128 170 228 225 247 217 233 221 214 197 230 230 187 263 211 235 140 238 216 218 227 190 192 114 237 229 215 224 241 252 95 229 228 187 225 226 176 197 218
181 183 234 217 162 210 236 201 241 194 145 211 209 201 208 196 94 0 260 201 231 203 193 229 236 241 203 199 219 232 226 245 201 246 138 191 186 101 187 171 210 202 230 130 209 249 234 215 205 156 248 193 215 174 233 188 145 206 107 209 203 214 225 196 144 246 242 221 201 201 197 201 223 201 214 225 218 200 193 209 202 215 209 114 237 126 200 131 206 224 234 140 119 228 252 170 213 205 212 257 186 248 237 206 137 231 192 254 228 201 243 252 169 255 210 155 216 191 193 201 228 93 216 281 221 221 226 201 253 195 198 149 230 208 187 222 209 218 244 249 137 243 200 205 194 214 195 227 216 121 188 159 225 210 226 190 231 216 248 203 217 201 206 168 246 144 104 168 231 100 236 259 206 101 181 198 244 109 115 196 138 201 203 159 141 198 213 217 195 209 219 137 238 239 209 220 198 217 214 195 193 238 235 229 226 94 247 222 110 107 193 243 234 222 215 207 143 242 160 197 202 208 201 233 182 218 231 197 258 209 211 162 204 201 193 174 195 224 202 231 188 238 226 95 197 205 206 215 201 188 232 240 146 202 224 221 190 214 189 132 202 239 201 212 227 187 219 230 255 229 226 241 195 222 200 256 211 223 219 252 204 208 191 234 232 215 212 172 158 204 211 133 205 193 198 232 208 143 179 244 205 220 163 189 221 226 93 131 241 196 208 201
237 123 219 214 201 242 238 206 227 221 215 173 199 226 234 197 216 260 0 228 246 217 220 267 254 202 253 166 232 248 209 195 161 231 198 228 206 206 144 239 224 179 226 209 214 213 220 240 199 207 123 102 198 212 184 132 190 229 206 189 223 174 203 241 245 232 196 191 149 242 221 219 201 211 240 242 199 202 118 231 147 233 134 237 231 217 233 180 202 125 131 133 206 235 125 220 190 237 221 245 219 222 218 107 230 210 238 130 227 198 162 242 192 204 197 127 239 226 205 199 193 248 226 231 234 216 222 228 146 221 203 232 191 234 211 262 241 208 221 227 127 251 234 214 108 185 231 98 204 227 204 270 212 96 228 209 246 230 193 208 219 224 157 228 229 243 176 242 183 234 194 217 170 239 151 185 205 239 190 202 236 197 126 210 221 93 199 214 207 145 207 207 216 245 192 239 235 223 224 213 227 208 234 242 219 208 149 211 203 217 206 273 223 206 203 152 225 182 231 216 234 140 244 263 211 219 186 144 224 211 246 202 199 106 218 219 204 251 247 212 215 224 228 196 241 184 227 206 244 248 219 229 131 169 251 201 254 124 148 128 204 197 235 206 127 245 233 210 211 256 218 178 205 225 251 205 204 194 193 219 207 191 241 217 127 218 202 238 235 212 111 226 206 120 243 204 247 226 230 232 208 139 213 200 259 170 213 201 199 147 248 177
209 195 190 218 200 230 118 247 192 227 193 220 167 228 162 201 119 201 228 0 105 215 256 140 216 211 123 214 209 204 189 260 162 217 217 135 223 209 189 246 214 188 209 101 215 213 209 223 237 251 219 206 200 212 209 245 208 103 113 216 144 221 220 211 230 193 213 170 198 221 239 192 213 199 93 242 247 209 185 196 221 239 234 202 254 222 140 238 221 187 218 227 255 206 222 132 203 220 209 211 177 197 209 235 119 191 102 161 151 195 123 252 198 200 191 218 148 228 203 244 240 216 214 136 215 234 176 202 216 210 244 205 142 209 200 266 153 204 200 212 222 199 186 94 186 200 229 220 198 194 175 120 194 214 163 207 222 205 214 194 205 206 221 196 111 208 202 171 206 192 253 93 105 173 230 198 227 257 93 227 230 175 227 246 129 229 218 218 251 193 229 196 201 210 204 219 213 168 228 220 241 241 235 219 261 145 131 245 235 131 208 261 217 229 237 213 201 247 248 232 176 200 156 196 225 248 156 211 220 107 217 201 218 211 236 209 215 224 234 220 203 222 215 141 220 204 199 160 166 193 218 228 249 221 187 223 220 192 201 245 245 208 152 207 213 218 221 242 216 107 197 223 219 206 204 244 202 193 160 234 221 232 218 252 219 100 219 241 252 253 240 175 219 108 203 155 223 202 195 204 216 127 201 108 114 232 108 249 221 175 188 207
202 259 145 279 200 228 223 247 128 138 162 216 172 250 230 251 224 231 246 105 0 239 215 244 216 214 228 255 234 219 227 207 221 217 209 240 225 208 189 216 222 227 200 101 238 229 116 189 228 214 232 214 240 212 240 232 141 103 218 174 218 190 220 229 266 203 213 253 236 242 261 226 230 236 198 264 187 198 234 237 220 206 216 197 242 241 245 237 227 203 148 122 198 228 263 199 203 189 125 126 204 228 245 164 223 217 207 240 223 215 228 235 230 243 194 219 202 220 264 220 238 216 249 241 181 251 228 232 237 223 244 156 208 209 219 238 209 279 132 214 246 94 193 164 226 95 223 218 237 234 233 196 217 214 200 196 247 193 221 131 100 198 244 233 216 245 216 238 133 229 240 198 210 152 139 222 243 257 198 231 196 157 214 211 221 244 218 138 201 205 261 196 211 236 208 250 261 180 251 220 165 193 247 238 263 221 208 235 204 157 198 237 221 221 200 250 226 168 225 138 226 231 106 204 195 234 244 224 238 195 230 231 244 230 191 190 215 202 187 250 226 222 256 141 132 214 199 203 234 232 209 247 250 238 207 222 242 245 202 149 214 222 246 221 120 260 237 224 168 212 197 204 254 228 135 234 233 209 232 214 221 252 202 245 265 205 114 231 170 213 248 216 219 126 217 162 259 211 223 167 233 225 246 213 213 197 213 219 121 256 208 297
129 94 216 102 198 158 163 199 223 210 236 241 193 168 205 244 217 203 217 215 239 0 217 226 219 183 256 236 224 232 153 193 129 224 239 261 201 204 169 210 297 195 239 138 196 202 231 204 212 205 138 210 204 234 232 109 213 235 212 197 215 223 102 205 252 254 204 231 226 190 198 222 123 190 225 255 217 223 202 226 210 221 172 254 267 211 237 196 218 217 126 219 217 135 223 229 226 123 124 214 229 233 189 213 225 224 200 161 219 220 200 241 244 245 232 237 201 225 203 209 142 189 234 106 210 210 212 231 234 196 206 219 254 197 208 199 225 226 232 196 200 218 215 195 210 239 208 233 201 211 196 230 199 214 206 257 236 227 226 214 146 136 224 109 158 153 224 212 196 191 223 233 216 236 137 220 213 231 122 214 170 235 192 266 235 212 201 209 136 241 189 206 132 216 204 197 127 226 247 240 193 236 239 178 201 209 245 224 133 96 203 211 204 195 214 230 201 226 221 213 191 202 190 207 258 225 120 232 204 232 229 204 170 134 206 155 242 97 192 240 100 210 224 240 228 202 198 203 227 229 215 233 232 212 207 208 238 204 243 162 101 115 216 234 157 145 242 101 150 218 212 232 222 197 227 199 200 238 204 220 235 197 159 213 230 231 190 220 206 250 108 226 203 244 127 116 175 196 225 232 208 242 208 222 215 227 195 215 218 221 245 221
102 228 238 162 128 216 235 194 153 202 241 222 195 176 153 200 263 193 220 256 215 217 0 121 147 218 274 246 223 232 210 211 205 208 212 235 193 241 253 211 244 212 121 216 217 233 141 232 208 189 223 118 176 215 230 202 230 210 147 216 221 219 187 212 230 206 234 224 232 195 225 203 211 213 256 244 158 196 224 229 198 216 205 246 252 228 246 215 270 181 198 210 246 226 108 194 208 227 225 229 277 248 269 213 154 242 214 214 194 257 139 200 195 201 245 259 209 161 237 221 219 251 167 220 257 276 205 232 220 211 229 221 216 255 214 213 198 205 180 202 231 226 209 165 209 221 161 199 213 214 206 208 143 244 116 230 207 225 225 190 204 221 258 239 224 226 199 210 268 235 238 268 213 219 134 194 222 203 220 193 249 176 216 102 127 250 207 243 251 222 233 148 223 235 197 100 166 215 228 162 234 124 245 242 206 166 136 241 250 195 111 234 208 215 220 234 246 192 204 215 100 236 257 132 239 121 220 209 203 215 152 200 213 226 142 233 257 234 242 238 231 242 233 216 194 212 114 209 222 257 209 226 135 230 243 208 218 217 249 178 200 108 222 229 192 244 209 116 235 229 209 239 195 212 231 225 216 176 192 252 125 199 216 225 226 214 126 232 219 255 114 145 98 217 229 204 221 93 255 204 261 195 255 216 187 206 211 215 202 213 222 192
152 234 233 143 245 196 258 229 214 220 212 241 220 204 249 134 236 229 267 140 244 226 121 0 178 211 235 172 204 202 108 229 191 130 159 235 234 219 204 218 183 218 221 236 195 223 238 111 188 174 187 220 218 207 126 246 222 229 227 195 227 98 220 183 135 239 124 210 118 237 227 199 103 207 223 243 227 237 233 216 172 214 206 230 237 237 211 141 214 237 218 214 266 105 229 199 203 218 236 209 235 208 173 216 220 228 204 187 219 220 128 227 199 215 198 221 205 230 166 234 236 236 201 214 208 211 223 198 176 220 219 120 235 231 199 227 220 198 251 126 209 230 112 203 255 193 164 219 206 225 242 205 257 178 209 236 190 198 223 223 221 211 231 224 217 197 226 199 235 129 117 233 229 136 200 215 205 236 205 255 228 217 234 129 214 261 231 201 192 204 196 222 142 221 206 214 99 94 202 199 130 216 211 252 243 193 227 227 216 246 205 176 219 234 190 210 228 214 112 107 217 211 261 253 211 228 253 217 230 218 247 232 202 198 205 232 250 238 176 158 239 262 214 207 123 220 133 208 105 222 218 235 141 158 206 225 97 236 215 218 214 218 208 224 213 274 135 231 254 217 240 192 223 141 120 237 207 160 202 167 231 184 228 228 207 234 239 216 218 220 206 227 219 240 207 227 248 196 237 231 224 202 246 230 205 209 204 151 123 225 225 224
223 213 237 247 173 207 224 201 227 260 234 216 97 208 132 230 246 236 254 216 216 219 147 178 0 231 242 250 134 238 205 214 230 243 243 184 241 135 243 217 233 216 207 232 268 230 201 217 201 223 144 210 194 215 225 245 227 113 158 214 202 244 206 180 222 228 264 224 130 171 93 205 225 128 190 160 213 226 206 214 237 214 120 215 211 199 219 192 230 189 216 206 217 232 201 222 224 216 203 230 186 225 143 193 221 240 192 205 191 182 230 270 233 238 234 228 202 215 210 244 152 220 224 223 120 212 202 189 186 215 233 218 278 121 216 226 196 271 203 112 227 173 205 256 217 212 203 198 96 198 210 241 233 224 107 211 195 176 194 104 236 211 168 203 215 304 186 255 248 212 281 205 175 225 240 214 212 197 226 110 165 241 213 249 271 180 233 224 221 227 219 253 241 216 265 138 236 241 111 195 249 104 193 241 236 156 221 224 225 222 215 244 200 229 223 173 172 207 219 195 199 206 262 244 176 101 221 225 214 206 205 211 230 233 263 143 118 228 207 225 190 219 222 182 211 213 209 200 128 206 231 209 199 211 265 170 238 227 168 236 238 220 202 228 195 191 272 202 136 209 217 247 191 229 200 213 254 207 216 240 194 196 244 224 190 150 248 241 208 151 230 200 194 226 253 205 247 185 195 243 117 195 234 167 232 205 236 211 214 230 257 228
210 153 207 234 203 207 116 209 214 210 130 218 223 217 138 197 173 241 202 211 214 183 218 211 231 0 209 187 228 256 236 193 188 276 293 223 251 232 162 173 246 219 219 209 212 232 269 227 110 136 205 100 206 244 237 235 191 266 174 157 217 214 218 151 224 264 213 228 251 263 209 195 199 231 170 173 197 245 227 224 134 213 231 200 228 224 217 196 111 232 195 215 248 216 240 205 201 242 214 177 116 237 175 224 215 203 221 157 196 225 252 224 217 229 144 250 227 229 272 222 232 239 219 253 220 228 214 227 202 219 196 238 226 239 257 212 222 201 206 124 223 240 217 170 101 119 212 203 260 121 216 227 232 192 224 207 217 217 217 207 224 211 139 159 235 225 219 209 216 218 94 224 209 235 236 199 225 224 230 264 213 252 185 233 256 243 203 201 200 206 215 205 207 228 146 165 238 144 222 209 245 206 232 209 106 221 260 102 212 223 193 223 196 152 170 219 207 191 100 222 252 214 249 241 212 218 217 196 207 242 194 235 224 188 203 204 137 117 212 294 207 223 131 146 204 238 221 181 168 219 179 242 213 237 227 213 197 269 224 195 210 195 162 224 196 218 201 210 238 208 167 228 203 205 211 198 222 222 196 238 221 220 201 234 130 211 200 207 205 158 168 229 166 237 226 241 162 225 164 112 201 220 230 198 97 199 230 226 197 229 223 207
220 207 104 217 175 206 223 146 125 228 228 252 221 216 197 224 221 203 253 123 228 256 274 235 242 209 0 180 245 214 218 195 216 105 158 238 180 252 190 220 222 216 194 221 239 159 224 156 219 199 160 240 225 130 222 253 246 134 203 241 228 225 202 219 161 194 170 199 199 204 199 175 259 200 94 119 263 150 182 251 217 275 234 229 232 226 204 268 98 160 223 229 225 263 244 225 126 245 204 205 230 238 140 180 234 244 206 239 220 216 215 226 219 215 258 219 199 165 243 236 232 222 202 251 208 207 201 216 263 143 222 238 206 213 201 263 221 209 168 242 206 290 231 217 234 234 220 202 241 118 224 222 198 186 226 234 204 177 191 251 222 237 153 207 234 225 173 196 123 202 236 216 188 222 192 200 212 216 150 217 235 224 260 221 236 162 195 232 246 219 207 126 236 194 218 263 239 206 228 120 208 241 263 96 216 109 202 219 192 218 208 227 190 226 204 214 194 213 200 194 262 236 217 204 238 215 199 208 168 215 229 226 98 216 225 191 218 222 199 248 229 222 205 209 215 201 202 230 254 170 254 137 205 235 255 152 205 176 213 165 217 242 228 231 213 128 203 238 106 230 223 237 169 204 198 254 153 120 139 201 216 196 223 231 132 205 253 203 252 213 197 205 215 216 196 161 237 205 233 234 228 217 257 231 211 237 231 223 276 106 189 223
144 211 111 213 199 212 227 251 219 122 198 217 194 239 138 223 270 199 166 214 255 236 246 172 250 187 180 0 235 222 221 236 187 232 220 229 170 141 211 251 248 220 218 200 220 238 223 193 212 203 234 220 120 232 255 222 285 158 235 244 226 208 237 209 162 249 214 237 246 239 207 202 237 231 208 215 213 217 130 250 121 211 245 226 222 242 245 212 230 116 194 218 207 215 239 210 201 113 211 218 252 213 239 215 128 224 151 244 195 213 251 241 194 230 140 235 217 246 252 225 175 223 223 204 231 215 217 245 214 208 195 200 202 185 195 211 207 252 212 243 220 208 213 204 235 233 235 148 247 246 201 281 223 191 217 209 225 215 243 217 214 241 201 240 109 206 251 214 213 233 93 210 258 268 116 207 220 205 215 250 157 247 278 238 239 212 256 218 274 105 224 215 251 178 212 259 210 244 211 169 216 243 98 264 219 229 236 227 237 222 206 107 195 201 206 213 250 190 231 239 245 108 204 229 194 239 244 200 199 204 213 205 226 224 247 206 231 219 206 231 201 225 213 159 222 234 154 219 204 218 214 221 265 210 240 155 198 182 232 204 226 188 197 205 211 233 158 224 114 233 104 221 202 254 210 182 210 205 218 208 150 241 223 250 248 256 166 216 250 224 229 212 221 222 211 238 238 229 180 218 246 191 239 236 221 116 106 238 208 144 279 210
221 202 241 212 213 227 125 221 211 156 218 240 203 183 227 196 214 219 232 209 234 224 223 204 134 228 245 235 0 232 234 223 216 236 117 196 232 227 224 208 221 225 147 226 227 224 123 232 207 189 192 130 230 210 217 248 129 233 126 260 180 210 198 219 212 221 231 238 207 230 209 232 101 94 200 206 227 255 199 205 221 214 237 131 230 243 225 268 147 124 208 215 100 235 215 220 216 194 204 162 240 221 209 224 224 172 188 240 238 217 96 246 247 249 100 162 224 98 240 227 234 196 194 216 204 213 212 205 132 252 217 231 226 225 180 147 189 199 209 104 210 219 207 197 188 202 205 251 230 200 211 114 265 201 225 216 228 217 197 208 144 193 185 226 237 195 239 197 214 218 226 218 227 241 119 201 186 203 229 225 206 190 230 199 137 212 225 224 201 227 172 214 197 208 210 206 236 204 140 227 214 213 218 175 232 214 208 264 214 136 202 182 233 243 166 208 226 236 221 197 226 205 128 208 185 206 232 226 275 147 225 235 213 145 236 107 238 237 234 212 131 193 212 215 212 192 223 243 262 202 238 231 225 106 200 215 204 136 210 211 239 115 209 164 238 235 253 215 246 209 245 210 196 225 226 197 213 210 199 222 223 178 210 237 191 109 212 195 244 208 258 192 212 218 196 200 218 139 107 249 251 231 231 204 203 168 150 226 209 240 225 220
189 252 133 215 201 195 140 199 215 218 210 190 214 128 260 230 205 232 248 204 219 232 232 202 238 256 214 222 232 0 198 197 211 186 159 173 223 207 238 169 107 148 219 235 228 199 114 197 148 127 226 232 208 206 227 211 235 214 174 103 193 169 153 216 197 219 198 242 233 262 201 98 228 190 197 204 140 95 201 219 129 200 206 239 94 137 214 224 227 200 193 200 210 97 149 192 230 226 223 202 221 195 213 190 239 194 219 227 205 213 249 191 208 207 222 133 207 202 192 236 203 202 200 224 208 223 208 214 205 167 233 220 220 120 221 187 221 201 223 226 197 210 203 225 233 232 233 209 196 217 193 198 167 230 201 212 190 166 203 205 258 198 216 233 211 225 219 206 196 244 162 111 244 215 193 255 214 209 210 146 94 211 134 213 219 199 205 206 161 186 196 217 252 200 215 196 199 199 220 113 96 238 131 228 239 195 207 220 224 203 245 195 203 228 255 226 206 209 255 151 241 229 113 139 214 137 229 195 93 216 199 97 228 204 209 207 203 220 196 98 146 215 135 143 212 244 118 198 165 111 218 176 117 133 195 210 177 204 188 178 143 235 224 184 189 174 201 196 108 191 188 161 245 198 207 203 99 211 246 207 230 232 196 264 196 123 254 164 203 203 206 199 215 205 217 219 221 149 203 218 200 205 203 134 196 106 241 143 220 193 223 144
215 196 223 215 192 201 218 205 193 208 123 232 204 272 258 221 204 226 209 189 227 153 210 108 205 236 218 221 234 198 0 209 123 238 213 154 126 215 269 238 198 196 219 170 201 249 235 197 230 195 269 216 210 226 234 208 261 282 119 200 232 206 143 214 212 258 197 206 226 203 261 227 211 230 228 232 211 242 208 197 221 193 209 227 256 217 222 237 125 215 193 138 221 213 181 107 225 234 189 101 208 268 233 213 128 288 222 194 202 217 201 227 219 280 192 228 228 183 233 263 202 232 204 247 208 219 208 216 224 233 247 129 254 231 198 233 232 149 202 219 101 166 220 95 189 213 223 229 256 180 191 232 195 191 212 213 206 206 203 206 230 270 242 234 212 170 271 213 242 189 217 274 204 244 193 222 195 217 256 215 220 210 180 179 199 210 191 214 117 194 229 196 238 259 221 226 207 202 94 212 238 240 123 223 243 229 197 228 180 203 188 212 203 199 237 217 221 176 220 215 232 200 179 212 231 237 212 215 211 227 223 207 197 193 239 218 231 174 246 218 201 216 202 229 213 186 239 193 213 119 263 208 237 232 227 210 205 204 219 134 197 187 190 184 223 186 212 197 216 194 201 134 208 219 207 189 99 210 94 243 220 195 196 218 233 212 202 241 203 235 98 203 188 221 99 147 235 235 198 226 244 224 223 194 252 227 204 259 208 146 236 213
225 209 228 235 176 196 198 244 150 141 138 121 253 236 98 214 267 245 195 260 207 193 211 229 214 193 195 236 223 197 209 0 248 230 141 194 215 144 221 234 242 244 204 260 119 243 238 191 190 194 192 93 237 149 221 218 212 270 198 94 259 216 189 221 218 242 209 253 111 143 241 204 228 259 216 246 190 195 216 209 203 192 225 168 217 232 206 244 204 220 206 190 198 124 222 174 201 176 193 108 231 197 235 221 225 231 236 204 175 107 165 214 209 221 210 93 209 225 204 151 220 242 116 255 94 206 157 228 195 195 107 224 184 200 255 219 196 133 215 226 148 228 217 216 219 257 216 157 164 236 195 210 209 212 210 237 232 216 231 216 123 226 235 208 205 219 248 220 165 214 209 220 204 206 123 211 227 244 237 202 222 217 250 229 221 190 213 206 204 219 217 217 192 191 152 225 232 217 215 207 193 199 243 155 225 214 198 137 203 208 121 218 210 211 217 211 218 199 214 237 232 211 218 222 223 139 243 189 189 230 195 243 109 232 200 210 219 96 191 256 206 194 171 191 203 213 222 210 212 209 243 122 165 243 206 215 160 223 208 251 211 188 204 227 222 239 122 145 232 212 211 213 196 202 237 221 217 263 135 221 227 169 207 198 190 232 156 226 190 224 208 205 203 222 188 238 224 209 205 181 191 240 200 191 206 245 163 173 190 217 239 104
