322 31 8 8

0 197 198 219 220 207 196 204 235 232 193 199 197 200 157 207 214 198 278 199 217 231 108 209 197 199 105 187 233 213 148 213 216 206 194 169 200 175 210 193 216 235 224 189 222 106 202 198 201 209 112 103 223 202 213 225 224 206 96 192 221 203 211 203 133 192 226 215 209 143 216 199 230 191 207 249 202 160 216 209 228 179 182 208 203 209 199 132 214 191 219 211 229 191 207 227 203 200 202 142 200 225 211 222 211 210 220 201 225 203 219 206 190 192 166 211 217 232 192 205 105 203 218 207 207 239 197 196 219 199 256 207 214 204 193 216 210 229 219 192 117 215 198 144 200 196 206 98 111 238 212 123 201 210 217 214 201 226 201 209 128 199 207 231 220 198 199 223 221 215 170 207 130 200 134 201 244 219 212 236 203 206 98 147 217 221 201 230 202 226 154 122 196 230 173 122 218 225 192 199 202 120 189 210 203 219 216 185 209 205 160 201 234 165 120 187 210 191 242 220 215 108 133 146 105 213 233 218 237 125 99 106 248 223 198 222 224 222 126 187 201 193 159 118 223 189 205 187 204 167 227 201 230 219 209 221 199 222 218 254 196 94 106 216 202 239 194 219 208 111 220 198 188 278 238 199 167 228 256 217 205 228 204 151 234 215 189 101 185 227 214 176 211 115 211 231 234 220 228 228 241 228 212 194 227 195 124 200 232 202 209 239 200 233 123 162 215 215 170 204 208 179
197 0 94 220 202 220 215 145 221 220 210 204 211 207 255 229 225 194 227 130 192 229 102 226 201 217 200 108 205 194 212 142 130 205 118 198 155 234 230 149 223 241 227 212 227 192 212 119 223 219 156 187 134 240 243 269 198 125 217 242 224 202 210 113 193 196 216 220 200 238 232 240 196 196 225 237 210 215 229 228 235 223 219 204 222 217 198 199 212 137 213 219 198 218 215 150 254 175 195 212 224 229 99 176 171 191 204 225 201 237 194 192 196 200 255 223 228 219 194 228 209 133 196 237 215 127 193 186 222 193 239 134 191 231 199 232 232 212 210 242 198 197 191 201 235 203 123 194 190 243 197 222 199 214 233 99 200 184 193 223 97 131 121 210 200 197 201 234 212 208 191 204 232 214 183 201 106 213 233 203 231 175 222 243 198 228 202 202 241 201 145 158 216 174 222 194 220 211 223 236 200 202 199 243 236 198 107 212 226 203 200 219 198 206 217 194 263 202 205 219 209 208 222 212 214 190 99 129 200 216 98 193 227 203 195 211 212 231 226 196 219 204 212 200 122 229 169 219 211 236 208 246 229 246 190 132 207 197 169 223 263 207 205 194 117 135 217 96 207 216 260 201 217 226 235 204 205 118 211 219 193 246 232 100 215 131 140 227 209 224 202 201 192 96 208 201 227 212 213 100 199 195 194 186 226 202 120 156 231 206 198 221 206 218 193 218 223 209 193 213 216 123
198 94 0 204 192 126 198 160 209 246 131 171 211 216 230 207 197 100 225 198 194 200 196 206 213 211 220 202 234 239 236 201 219 237 187 212 202 236 194 213 219 207 140 153 241 224 204 186 198 200 209 180 225 208 211 234 198 205 209 232 218 205 241 207 203 113 183 213 176 223 206 148 211 231 193 247 223 220 141 241 141 155 141 121 231 245 221 127 216 160 119 126 105 221 240 168 203 227 135 141 209 209 193 215 204 200 211 213 155 186 113 227 196 161 238 177 210 187 194 206 230 227 230 227 183 203 206 148 201 227 192 228 101 236 153 200 210 198 116 228 249 223 200 225 204 210 193 100 147 202 195 233 229 227 220 193 209 214 203 195 191 225 215 233 244 230 208 227 190 199 97 134 245 173 192 134 134 158 142 188 200 116 231 204 239 213 149 195 203 220 238 194 204 94 232 193 231 200 188 209 212 234 214 198 194 104 183 171 210 217 196 197 212 210 205 211 231 201 214 208 194 163 201 215 193 96 193 150 221 212 192 228 203 109 200 235 121 197 215 190 206 215 197 120 191 204 206 193 207 217 223 203 195 211 164 212 113 229 208 207 198 230 217 100 207 229 199 147 212 213 197 181 236 237 225 198 222 202 203 222 238 242 204 194 193 225 210 197 216 199 202 107 232 190 114 217 213 176 238 194 223 205 211 214 139 182 214 234 210 202 188 250 157 227 135 192 211 150 99 225 222 198
219 220 204 0 201 185 229 125 107 218 238 216 205 229 218 230 205 202 228 201 205 146 216 218 216 105 169 240 225 143 201 235 140 253 110 215 199 262 184 251 222 273 111 208 223 236 212 209 134 203 229 232 227 200 187 202 240 249 205 197 245 109 231 107 206 216 166 201 196 227 222 200 243 213 243 217 216 229 210 222 228 236 225 248 152 199 200 206 215 228 153 230 214 142 146 214 209 204 220 216 258 263 233 238 231 212 208 141 231 239 200 222 216 205 253 214 206 229 228 96 135 219 134 234 200 187 155 227 236 206 111 216 243 97 227 227 217 233 217 228 204 217 223 206 229 221 208 134 198 204 137 261 213 179 124 231 208 186 229 233 227 229 188 212 209 122 221 251 230 213 229 241 127 95 228 214 225 232 226 216 230 211 213 243 155 245 223 210 248 229 225 201 238 110 204 218 139 210 204 141 194 106 230 245 108 107 232 240 220 165 205 261 141 231 221 203 205 227 192 179 138 202 129 188 210 207 155 130 218 217 178 213 203 215 234 229 213 183 205 149 234 156 208 236 228 225 261 216 168 214 255 235 219 183 233 224 189 229 211 194 231 210 113 228 210 189 221 138 208 245 235 207 207 222 201 203 225 245 252 177 233 235 205 120 227 207 209 203 239 202 200 230 157 241 240 236 196 205 220 218 241 184 156 201 202 222 205 207 225 200 216 235 235 219 202 207 223 120 157 156 185 209
220 202 192 201 0 206 201 235 94 201 226 227 191 168 186 244 247 157 209 207 182 194 163 238 213 223 130 221 129 280 247 230 195 225 219 249 203 242 219 232 213 192 211 274 221 218 189 224 116 149 240 206 202 187 96 217 240 228 213 211 207 219 187 226 226 215 217 216 141 154 246 209 205 218 230 204 200 201 216 242 206 236 198 200 128 217 217 123 112 211 214 252 230 190 226 229 238 159 222 241 220 228 212 208 153 205 187 211 244 187 136 188 253 117 246 168 232 208 198 114 115 235 212 227 247 201 203 209 202 183 236 188 95 144 220 155 233 219 246 231 212 227 200 264 128 242 216 131 216 209 152 261 216 223 214 215 196 207 234 252 233 139 243 218 191 208 107 217 159 229 233 136 93 163 153 128 211 235 166 202 192 228 236 235 208 219 189 228 219 246 240 215 233 184 220 211 113 238 189 179 212 196 236 216 228 199 210 273 234 240 192 230 197 178 206 240 203 199 238 222 161 261 189 236 242 226 209 208 204 236 157 200 235 233 197 97 216 217 201 244 229 138 206 178 223 235 222 226 221 250 256 222 189 183 224 220 207 234 243 212 218 243 213 204 241 96 214 217 214 244 208 196 212 149 210 221 230 196 239 236 232 224 212 178 221 128 257 247 222 261 204 248 208 234 193 187 215 206 157 222 160 199 230 219 191 193 223 217 200 196 234 191 234 219 243 194 156 215 215 238 201 152
207 220 126 185 206 0 200 210 223 189 175 211 199 197 224 207 224 195 223 227 139 235 137 110 229 150 203 213 234 193 204 203 212 161 169 163 221 193 151 190 214 206 209 145 126 235 217 212 220 203 174 216 239 199 110 201 197 240 204 106 144 220 195 199 191 233 199 204 239 212 235 229 213 126 203 211 226 227 211 215 206 223 95 214 105 223 207 218 205 184 196 194 210 204 191 206 224 120 206 100 106 220 219 216 215 216 217 238 101 193 192 208 217 218 214 93 225 198 199 207 222 219 226 114 198 217 217 183 100 201 218 113 212 215 239 213 95 206 206 104 210 202 199 134 160 95 134 128 192 208 203 209 203 237 224 199 218 200 196 188 230 128 239 232 200 210 222 198 198 169 208 212 199 209 195 101 157 148 201 236 242 201 175 238 132 195 202 178 213 202 201 208 220 212 197 204 237 194 199 222 233 214 240 117 199 230 125 193 202 202 242 204 134 214 220 218 249 154 224 207 222 199 127 196 102 215 203 234 230 208 224 196 165 235 200 218 120 123 200 219 193 219 197 201 200 257 219 214 201 194 198 231 198 217 219 204 233 211 209 207 205 202 199 216 199 204 132 218 220 200 200 204 234 243 220 231 238 197 168 245 139 197 197 232 192 212 233 225 264 221 218 222 206 234 207 237 251 237 238 237 198 198 206 208 102 211 202 235 221 217 181 124 197 101 236 168 198 195 152 99 212 228
196 215 198 229 201 200 0 212 226 203 210 188 206 201 220 98 200 199 191 189 220 218 203 199 234 138 201 195 222 93 201 124 210 222 192 214 218 183 198 217 207 225 203 199 262 114 204 102 102 145 99 93 207 208 187 212 203 193 181 203 213 120 204 220 246 201 190 187 154 125 222 216 194 139 222 216 160 216 224 204 193 234 163 234 189 220 171 96 219 223 206 198 216 93 127 135 203 190 234 126 215 188 158 187 215 126 159 209 204 222 118 203 237 188 204 198 163 243 212 195 156 217 215 200 221 230 132 195 197 202 226 233 204 219 236 235 167 226 192 225 214 250 236 176 227 244 202 208 194 164 199 214 142 189 201 227 195 218 204 169 209 209 232 234 283 200 139 155 251 207 164 217 108 223 192 226 223 229 207 165 163 196 186 204 200 238 204 237 216 197 195 136 186 235 216 125 226 235 187 201 238 226 237 232 227 218 187 173 210 206 204 191 187 217 154 252 215 201 197 218 235 203 124 190 106 211 205 198 254 209 184 182 214 201 195 109 202 190 194 226 195 254 228 230 237 204 195 194 205 243 207 228 213 214 126 243 192 236 227 206 205 214 205 231 186 239 116 192 200 199 228 208 199 218 206 233 200 205 227 225 109 210 210 154 207 235 212 208 270 238 174 228 197 191 109 156 180 207 221 195 208 213 201 96 238 254 95 240 196 205 246 203 201 204 162 220 193 202 99 242 216 180
204 145 160 125 235 210 212 0 221 200 219 201 212 104 140 172 211 227 219 235 214 225 247 199 194 201 221 155 255 234 222 210 204 170 235 194 200 199 113 202 235 201 173 194 195 196 249 216 207 211 216 215 255 208 212 217 115 208 211 104 203 234 163 215 202 202 174 182 207 194 222 170 138 214 196 94 199 197 209 207 142 200 246 212 231 230 137 216 123 117 213 242 265 159 225 228 213 243 166 115 154 196 193 200 226 117 201 161 222 225 206 214 208 236 197 202 171 210 197 202 195 224 193 211 198 201 152 214 204 201 189 100 199 218 216 198 207 230 221 225 231 244 210 230 207 157 126 199 206 232 218 225 236 218 226 227 154 213 156 250 119 211 209 232 222 198 233 153 174 159 203 131 240 220 193 203 205 224 212 240 208 248 198 202 248 211 231 191 223 209 227 223 211 199 219 189 181 240 105 263 121 203 227 239 169 223 220 189 239 190 208 218 191 166 193 103 231 228 252 198 197 234 176 199 199 199 198 221 161 103 237 190 201 207 230 201 201 209 226 161 212 235 225 219 217 200 216 194 189 209 211 131 208 201 178 211 201 246 216 194 186 212 207 103 241 232 96 223 248 241 226 202 195 244 156 155 187 220 231 235 210 204 98 175 196 183 252 103 219 219 132 105 213 212 115 205 229 118 225 245 162 223 214 215 203 103 217 147 255 208 114 224 251 229 196 132 202 187 196 210 221 234
235 221 209 107 94 223 226 221 0 259 214 212 234 212 182 180 218 225 226 199 203 193 170 147 214 212 217 241 213 250 276 232 193 219 207 214 109 155 219 234 195 245 218 216 222 213 233 130 210 201 236 224 223 93 190 123 231 226 253 117 224 216 206 201 204 237 207 225 124 223 217 211 226 219 136 221 237 255 235 200 243 201 206 245 222 235 209 217 206 204 238 255 201 249 193 241 220 248 218 227 239 222 269 236 235 231 211 158 224 215 193 215 219 211 217 252 224 202 202 163 190 242 159 201 198 107 262 272 221 243 218 244 189 198 215 209 205 227 152 229 118 202 232 260 208 244 267 222 230 240 226 218 218 206 194 219 255 243 217 270 238 178 224 217 260 229 201 220 214 203 213 227 175 131 245 222 220 228 213 267 220 217 177 201 187 170 194 214 246 229 204 249 240 168 206 247 207 222 238 166 247 213 242 211 209 105 221 209 241 256 207 215 239 246 256 217 245 225 250 234 245 231 105 244 226 219 122 184 162 229 251 232 237 206 255 191 222 286 210 208 219 195 230 228 239 211 255 221 247 218 280 128 139 226 207 257 219 263 209 246 124 216 212 229 208 190 244 220 236 202 128 223 219 214 140 207 166 142 246 207 210 186 281 164 245 222 218 163 176 200 221 203 264 228 215 247 232 112 214 217 206 212 229 262 190 134 250 248 183 108 205 208 230 241 224 100 215 227 202 227 257 224
232 220 246 218 201 189 203 200 259 0 144 240 204 224 232 227 213 207 202 225 247 256 157 199 186 211 219 203 253 196 203 214 217 198 205 245 202 192 202 189 200 201 228 218 238 246 214 194 193 238 232 217 240 256 220 239 93 199 259 142 235 137 246 218 197 209 210 234 220 223 233 199 217 231 202 214 170 221 158 220 221 287 188 243 211 213 207 210 263 233 253 226 211 242 222 218 140 222 217 190 166 246 186 93 228 97 240 169 222 182 235 175 186 220 191 228 266 222 218 217 244 237 225 227 224 247 134 214 163 212 107 212 212 241 207 206 231 205 205 221 219 221 116 145 193 94 127 216 158 216 244 116 212 202 242 198 208 230 127 239 223 200 211 171 221 207 237 189 122 210 207 214 146 261 237 211 225 227 221 220 155 192 236 224 202 244 209 227 228 226 200 225 231 228 262 126 240 206 238 183 233 221 208 158 201 206 233 215 221 236 231 207 232 214 285 231 256 164 256 223 225 235 253 139 181 201 172 223 240 203 221 189 182 193 203 258 206 219 217 226 235 223 198 207 227 218 226 205 132 154 214 252 215 195 226 122 133 250 271 224 224 236 237 220 103 241 219 143 234 221 248 252 159 250 189 204 227 217 223 218 240 122 148 223 211 141 225 232 267 210 127 199 210 192 229 199 212 187 234 205 226 197 205 234 230 265 108 246 163 222 232 226 257 216 130 171 220 117 209 118 214 235
193 210 131 238 226 175 210 219 214 144 0 160 216 115 225 190 229 200 234 219 213 213 149 232 209 215 229 202 236 170 202 160 117 223 197 261 219 268 268 212 150 206 225 153 213 225 207 108 270 222 194 203 190 157 223 200 192 194 115 238 226 202 211 236 196 198 175 110 102 201 213 159 196 210 231 225 113 209 213 183 215 203 199 232 227 246 200 248 230 208 205 100 182 205 214 209 224 163 233 204 221 228 207 222 163 233 198 221 205 198 231 225 104 234 212 210 274 221 208 224 213 242 249 192 218 209 154 224 212 192 219 226 199 275 196 109 149 123 193 206 208 199 135 277 219 234 201 213 208 223 206 110 98 96 209 223 213 229 195 196 240 219 119 265 216 218 206 96 192 218 228 205 133 203 230 214 186 129 140 186 223 195 201 228 195 195 104 137 216 207 206 199 189 225 266 214 224 218 207 143 232 205 174 204 260 199 227 199 206 239 219 244 224 148 205 233 229 134 205 206 222 234 109 191 193 217 198 218 217 250 171 251 204 205 220 217 212 219 193 203 192 251 161 174 193 191 263 198 224 212 197 134 189 224 220 224 244 203 240 212 226 191 216 231 96 234 210 233 221 205 202 229 236 218 287 205 210 98 213 199 223 244 227 200 221 194 122 225 209 142 271 202 208 232 245 222 218 200 232 230 192 199 207 213 212 242 190 226 199 210 156 197 236 219 200 210 201 239 230 195 237 218
199 204 171 216 227 211 188 201 212 240 160 0 218 234 182 208 110 239 115 195 246 237 243 205 205 193 232 201 189 95 214 211 193 204 215 104 197 252 221 219 248 216 195 209 108 220 221 125 217 220 184 99 226 222 213 251 226 215 153 213 220 214 244 215 206 217 192 205 217 121 193 224 194 169 224 234 155 230 220 202 195 155 172 203 208 204 192 203 194 213 222 231 115 279 119 217 206 196 158 241 233 202 114 163 160 216 101 193 194 217 222 227 212 215 216 226 285 140 158 222 224 202 236 221 203 211 208 214 143 196 233 213 199 203 106 193 205 114 231 107 94 229 207 196 201 204 203 181 236 211 227 197 204 197 206 169 235 209 150 238 208 206 204 220 95 209 243 207 223 204 198 215 195 216 243 224 221 187 213 218 196 202 217 242 251 196 206 158 230 216 98 275 119 213 223 121 213 202 223 221 215 110 214 187 201 168 189 197 228 220 212 197 231 230 202 222 229 209 220 150 227 193 211 206 177 218 203 208 225 197 165 192 226 219 197 253 225 123 189 219 200 244 200 215 223 235 193 209 215 231 222 129 105 217 202 189 242 191 218 208 151 205 209 226 188 230 191 196 202 207 216 209 219 250 200 236 216 201 199 239 135 194 122 147 192 99 199 98 218 202 204 219 209 193 223 203 206 233 221 104 217 215 209 224 125 249 198 255 243 194 208 232 206 221 209 212 234 209 221 221 205 205
197 211 211 205 191 199 206 212 234 204 216 218 0 229 217 194 175 134 124 213 211 135 249 219 258 233 203 210 224 146 191 213 235 231 241 235 234 225 229 178 210 213 206 127 211 221 210 209 199 249 190 232 217 165 194 226 248 103 101 238 157 199 192 98 218 100 226 199 185 253 245 204 138 204 238 178 212 222 217 215 246 234 235 217 215 151 138 232 162 146 231 197 203 204 229 193 244 195 211 206 196 193 251 209 216 159 230 101 245 202 228 230 230 230 133 251 221 178 214 147 197 232 243 129 209 157 203 195 253 160 247 212 234 259 198 259 216 228 238 111 206 244 220 197 220 244 275 239 248 267 103 207 224 213 239 218 236 243 229 145 203 201 218 240 237 217 224 239 205 195 169 219 245 238 239 215 229 229 217 201 171 241 236 242 225 227 230 161 207 227 196 228 236 220 256 196 223 234 208 241 231 226 202 113 227 174 225 228 202 160 206 134 226 197 249 111 136 196 180 211 202 193 129 209 146 202 206 214 117 199 221 237 194 170 198 220 209 223 212 223 202 218 204 152 116 231 171 209 205 253 221 201 233 173 111 199 209 241 219 194 241 141 212 242 218 240 247 123 213 205 231 156 115 142 215 228 266 200 198 257 213 194 212 196 209 214 236 239 219 137 229 222 185 240 97 206 206 239 222 209 206 226 195 199 213 266 207 221 195 191 212 215 230 98 242 208 243 224 237 198 200 226
200 207 216 229 168 197 201 104 212 224 115 234 229 0 139 107 226 143 222 204 235 231 232 220 208 238 218 201 252 251 214 201 136 205 218 193 159 217 217 206 242 248 199 188 190 210 220 183 178 107 112 160 212 227 218 199 217 206 197 208 227 209 234 197 197 250 147 221 103 194 179 204 213 215 226 198 226 232 107 204 206 238 223 261 228 221 200 170 203 200 203 211 207 263 207 214 109 249 204 219 106 210 211 202 214 206 207 210 213 189 169 196 210 199 220 211 223 213 93 212 194 202 208 197 204 188 243 240 247 215 220 204 205 208 198 114 173 206 243 216 192 198 197 231 148 232 219 116 199 208 212 132 213 114 217 188 100 276 196 208 154 220 159 239 238 215 176 205 216 245 233 230 227 204 188 99 101 199 200 239 220 196 207 197 237 186 219 196 200 231 200 237 203 207 205 188 215 218 209 220 225 217 252 226 209 203 209 188 202 195 195 197 190 198 237 118 261 213 206 154 223 172 196 209 95 206 201 206 241 163 202 161 210 200 216 199 97 155 159 204 205 222 212 221 122 207 240 195 194 129 225 155 209 218 234 211 201 242 229 215 212 118 206 207 192 214 95 159 209 161 217 197 209 152 255 131 209 205 203 219 124 142 112 249 199 212 213 188 214 205 236 207 201 219 219 220 244 103 238 249 172 206 134 180 208 207 200 227 205 104 218 221 153 204 239 215 202 193 195 106 197 160
157 255 230 218 186 224 220 140 182 232 225 182 217 139 0 231 181 236 225 244 228 279 202 199 201 192 223 150 228 127 219 234 204 252 224 219 220 223 208 229 192 114 247 208 218 186 238 242 212 233 186 219 218 184 209 247 233 215 204 239 219 209 248 215 225 117 228 216 198 214 192 221 244 214 252 221 199 199 191 238 227 145 129 255 212 239 221 135 229 236 193 209 225 202 198 216 212 228 154 255 232 192 224 163 213 239 226 224 200 123 246 170 175 212 225 232 217 232 219 221 211 222 232 165 252 152 229 192 204 219 232 240 199 291 228 192 221 251 235 224 93 185 239 247 205 223 226 199 160 241 231 196 242 194 94 239 235 218 105 207 242 229 218 247 254 118 205 176 232 188 218 214 217 229 165 238 220 213 233 247 195 217 145 208 240 256 121 220 98 241 199 279 258 199 234 213 163 252 105 233 224 220 147 186 227 216 221 203 216 171 209 231 273 217 121 221 220 246 138 225 183 231 198 251 201 204 229 173 214 213 248 255 211 192 205 182 225 207 198 198 231 100 246 213 217 251 205 226 228 223 178 206 222 193 246 216 187 106 112 240 146 212 226 225 220 245 214 195 193 216 219 202 212 205 252 239 226 203 258 244 242 205 196 213 202 207 229 121 225 243 227 222 225 225 250 138 128 242 247 234 217 221 207 177 190 127 135 231 204 243 202 211 205 183 248 188 216 226 242 236 253 244
207 229 207 230 244 207 98 172 180 227 190 208 194 107 231 0 217 191 214 213 259 211 228 212 223 208 197 196 245 191 213 212 216 191 225 201 201 195 225 223 203 228 201 217 211 212 231 200 200 208 111 191 201 207 177 150 206 205 226 193 228 203 269 200 219 205 221 235 141 182 211 216 142 232 211 121 220 216 214 174 186 207 252 219 188 209 212 194 261 202 242 210 197 191 206 223 204 238 198 224 213 195 149 248 153 224 207 192 106 201 211 218 193 127 167 210 182 191 200 187 202 200 230 205 212 216 203 176 217 205 128 225 222 184 199 221 209 218 219 252 231 200 178 140 214 249 199 205 96 203 139 213 240 94 216 236 207 242 201 223 261 192 216 198 205 219 232 229 225 209 208 196 206 199 152 206 208 155 206 240 216 190 162 198 216 140 200 214 241 201 200 201 217 189 149 178 217 227 209 174 212 198 187 160 207 244 201 111 238 217 199 108 193 129 190 192 227 223 99 205 204 105 222 189 202 187 208 100 195 248 222 175 208 197 238 207 204 226 191 130 200 202 232 219 191 194 187 96 209 221 230 140 237 222 224 207 94 205 181 188 107 189 213 202 192 202 103 230 195 194 200 235 163 206 194 229 102 211 240 212 191 202 219 207 109 192 159 110 228 223 214 197 199 190 207 223 196 136 189 185 222 219 208 139 153 243 128 162 98 121 194 243 229 237 209 217 95 198 197 189 213 115
214 225 197 205 247 224 200 211 218 213 229 110 175 226 181 217 0 194 225 216 244 135 221 232 224 229 233 228 255 205 216 233 228 159 202 101 186 152 256 239 196 213 208 246 215 141 231 200 225 197 216 209 261 212 242 217 256 204 167 231 263 164 246 230 213 126 204 222 185 231 194 225 229 208 114 259 217 196 203 245 209 265 219 218 218 253 236 155 236 247 217 213 177 245 203 243 117 226 235 209 188 130 189 210 270 288 211 207 236 250 211 117 226 221 213 242 253 118 206 214 132 220 225 222 225 111 177 221 207 113 174 111 231 237 181 163 208 180 205 217 204 231 210 206 212 203 153 127 213 181 205 219 131 199 231 221 127 253 214 201 212 124 203 215 205 225 239 220 242 195 222 205 212 110 204 232 240 123 217 209 247 132 234 220 148 253 244 182 256 235 133 220 229 103 209 222 216 199 197 247 140 136 221 232 221 232 238 224 174 214 211 211 237 226 188 277 163 238 219 220 246 220 217 207 264 208 200 185 222 194 136 248 220 227 207 226 226 205 154 211 210 238 220 231 201 209 211 223 218 208 217 230 203 230 241 225 198 204 244 205 225 130 206 162 221 242 199 183 172 103 192 239 224 147 254 202 223 226 101 238 232 166 228 222 108 201 109 208 218 221 200 207 140 236 226 228 211 228 231 212 219 216 233 240 217 222 105 204 158 229 227 211 212 201 211 201 227 251 221 201 240 220
198 194 100 202 157 195 199 227 225 207 200 239 134 143 236 191 194 0 211 273 205 141 247 211 214 190 192 194 250 166 136 232 198 219 208 173 162 212 217 222 228 122 240 186 245 203 206 215 249 209 238 224 205 259 133 193 114 227 169 203 235 219 215 224 216 171 212 208 198 210 217 196 207 204 239 211 220 120 217 228 204 233 183 221 210 223 198 227 118 201 219 226 205 215 206 109 203 127 189 202 247 237 201 226 139 198 194 234 224 209 201 210 96 212 267 200 211 216 210 205 206 229 198 164 111 196 180 238 201 179 199 220 201 180 198 209 188 225 191 245 201 161 209 208 258 242 204 200 156 218 188 241 195 163 196 240 230 230 200 95 115 199 212 203 217 211 198 195 216 180 129 234 228 119 186 221 189 191 219 224 215 216 243 191 223 210 230 184 208 210 187 94 163 130 190 118 228 100 224 229 252 206 233 215 94 198 139 190 218 193 96 195 213 210 241 124 191 111 196 210 206 231 241 129 93 192 214 193 204 201 267 152 220 196 210 191 221 188 217 203 144 242 254 100 222 232 201 95 192 247 203 238 215 205 191 204 213 196 237 202 235 188 210 200 190 221 211 157 151 152 97 195 213 222 216 189 219 238 234 211 142 199 191 192 213 233 228 229 188 209 205 205 214 221 214 192 220 203 138 247 212 142 195 166 216 244 226 186 191 214 209 189 188 232 133 216 200 150 199 225 288 219
278 227 225 228 209 223 191 219 226 202 234 115 124 222 225 214 225 211 0 215 219 257 223 215 202 180 247 149 238 98 230 218 239 175 209 148 225 253 106 142 210 217 182 204 223 229 123 126 237 217 237 206 232 225 237 218 227 200 210 195 253 226 238 194 220 224 102 219 238 217 257 172 152 146 238 250 249 230 216 244 198 132 196 205 212 106 185 196 189 220 174 236 145 167 224 146 202 232 234 261 239 229 222 109 222 222 216 225 163 230 152 120 218 135 217 235 214 229 223 209 191 230 121 250 177 228 206 229 257 233 143 195 195 283 221 222 166 155 116 222 199 175 227 241 234 214 230 227 234 265 227 200 249 244 234 218 250 206 185 259 215 210 242 240 210 190 231 218 252 176 161 195 215 249 230 129 121 174 211 136 249 208 194 254 219 209 145 261 216 202 205 213 125 242 269 220 147 111 191 193 194 222 224 106 225 121 192 219 202 218 215 231 232 210 214 179 235 210 246 203 176 234 188 205 196 226 229 215 158 153 197 209 245 217 200 193 231 201 205 185 226 230 232 218 228 250 212 224 243 234 139 189 205 234 183 204 241 240 225 211 225 248 221 170 158 169 246 141 246 223 217 94 228 234 205 204 228 189 212 156 217 186 131 223 214 205 231 213 222 216 240 191 221 196 194 204 229 225 213 219 195 210 221 112 240 233 216 248 246 225 206 235 215 222 216 237 119 222 277 229 222 161
199 130 198 201 207 227 189 235 199 225 219 195 213 204 244 213 216 273 215 0 192 211 216 202 203 227 145 111 231 208 218 236 222 227 210 135 197 181 229 230 102 216 194 149 208 229 229 191 207 190 210 96 235 219 214 213 197 152 219 143 194 209 260 217 102 202 196 206 209 216 231 259 208 237 102 221 108 213 238 216 108 213 201 206 222 232 240 194 221 205 207 226 206 227 207 206 209 193 210 205 208 233 197 223 213 185 167 212 182 219 210 201 209 203 206 231 217 117 169 151 248 193 110 218 187 203 141 210 220 119 201 204 207 239 234 197 253 237 199 214 158 238 198 227 200 167 194 217 191 207 110 109 213 128 200 200 191 218 213 214 158 212 233 214 190 221 243 204 192 208 209 221 133 223 199 200 210 243 199 208 161 195 225 219 235 126 229 206 166 161 201 214 133 217 228 202 218 218 196 226 194 165 97 113 198 94 226 227 205 198 210 157 233 190 233 205 238 217 208 98 246 208 236 205 202 105 215 207 230 224 217 189 229 106 217 233 107 199 96 103 198 194 206 205 112 201 198 202 229 207 228 208 203 186 183 191 198 203 198 217 221 196 167 195 197 219 200 203 201 210 234 220 194 247 222 207 244 139 197 196 216 232 213 225 205 192 228 188 190 96 202 220 212 226 120 117 213 198 248 199 223 177 219 211 219 228 214 238 224 203 221 210 234 219 205 230 227 124 235 235 127 194
217 192 194 205 182 139 220 214 203 247 213 246 211 235 228 259 244 205 219 192 0 136 214 206 207 191 209 207 201 157 214 257 230 226 98 214 220 130 211 208 208 194 192 113 211 190 216 207 233 194 265 162 198 214 222 206 202 207 206 214 248 197 208 214 197 197 200 244 234 208 248 198 214 205 177 226 214 214 153 261 203 220 234 118 228 201 96 190 111 188 195 225 175 216 219 221 208 188 232 214 245 204 217 238 203 202 196 216 165 235 192 190 109 234 232 232 207 238 185 210 235 219 217 207 191 198 224 215 134 202 194 207 235 221 197 223 215 206 145 141 228 229 202 219 269 228 220 205 207 209 197 225 149 236 226 257 217 223 217 221 95 219 225 208 210 239 256 241 229 201 235 214 243 212 220 198 173 121 209 225 232 227 218 250 215 222 196 191 210 115 215 218 202 247 239 195 272 216 158 242 195 220 209 248 202 98 206 216 242 239 225 208 235 239 209 200 193 198 243 124 116 212 218 149 201 98 212 208 218 148 196 210 132 213 230 213 228 250 250 222 227 164 189 207 193 221 192 195 212 211 225 234 174 167 131 253 172 122 202 170 220 190 111 206 150 201 205 199 226 231 223 143 96 193 209 200 246 207 205 222 111 125 193 205 218 218 204 289 216 193 232 228 109 113 243 166 220 209 211 178 198 236 213 197 215 226 195 205 204 225 224 164 228 167 205 183 232 196 218 238 196 237
231 229 200 146 194 235 218 225 193 256 213 237 135 231 279 211 135 141 257 211 136 0 214 213 244 221 210 220 232 243 260 218 186 215 211 222 211 241 224 232 211 217 257 211 215 229 206 215 182 244 198 210 177 230 244 221 229 104 135 256 206 132 199 211 242 203 263 229 222 232 147 204 203 233 230 218 221 218 212 193 203 232 178 254 204 198 230 197 247 222 245 198 122 236 186 250 211 239 245 242 202 231 223 210 255 210 197 200 277 224 230 205 237 208 210 142 200 212 220 200 233 226 213 202 237 218 214 245 211 228 171 243 99 243 140 231 200 232 244 141 246 131 238 229 238 227 222 195 235 220 205 243 144 117 187 212 230 242 233 229 216 205 133 249 228 204 159 253 221 209 206 112 110 138 238 246 211 239 248 225 203 249 226 275 247 127 206 207 216 238 242 235 246 144 230 203 211 241 193 203 264 252 203 215 205 232 214 170 106 148 237 206 247 225 219 244 108 203 239 227 149 230 218 212 234 106 217 219 252 222 220 231 109 205 165 214 251 245 214 238 228 219 118 228 166 259 214 181 230 134 257 253 193 192 246 233 222 177 280 234 133 219 242 208 213 107 247 195 121 217 223 279 205 172 209 200 206 159 213 200 200 184 224 172 226 215 232 239 208 237 203 205 240 145 232 207 160 240 249 188 190 203 203 233 210 231 211 157 211 200 156 151 156 184 230 93 255 216 217 217 218 215
108 102 196 216 163 137 203 247 170 157 149 243 249 232 202 228 221 247 223 216 214 214 0 220 207 204 196 210 244 210 215 208 138 229 147 198 221 255 252 206 224 215 203 238 225 214 176 221 198 257 211 211 236 211 211 233 213 217 204 206 173 122 113 215 217 167 230 219 219 221 203 218 190 231 194 209 108 216 197 161 250 200 214 254 226 219 218 218 176 238 161 236 147 182 214 230 200 208 220 206 241 219 201 114 108 213 238 208 223 249 235 132 232 261 223 230 188 225 226 261 213 235 181 204 204 209 197 105 229 108 248 236 230 213 240 209 207 266 202 227 171 223 185 177 264 213 225 206 212 212 215 145 159 228 215 201 230 178 242 218 199 202 216 243 214 153 157 157 224 205 209 220 227 245 242 206 208 263 206 224 265 213 203 208 216 269 220 235 206 205 201 230 250 219 219 227 228 247 202 226 215 228 223 149 197 216 209 180 242 229 217 224 245 121 131 230 278 217 214 262 107 216 210 241 213 172 201 231 215 233 200 203 177 231 224 208 159 234 200 228 241 102 212 226 222 204 207 219 227 215 196 231 212 218 138 234 228 260 233 261 221 202 103 195 117 237 257 183 229 219 258 241 215 223 172 102 126 220 203 209 108 233 220 202 244 214 222 206 145 215 220 163 201 118 239 128 231 206 227 202 207 242 226 212 239 192 222 197 160 260 150 243 155 207 206 121 133 112 246 186 245 225
209 226 206 218 238 110 199 199 147 199 232 205 219 220 199 212 232 211 215 202 206 213 220 0 190 214 208 174 213 215 202 213 140 219 108 160 235 213 200 208 244 214 226 218 221 179 223 124 207 226 144 106 165 93 218 214 209 207 155 215 97 150 168 204 218 222 234 239 197 123 133 246 230 203 199 232 188 224 213 219 158 233 117 220 215 211 251 204 220 202 148 216 241 214 208 238 199 203 214 188 203 197 174 106 216 204 164 244 211 215 232 207 220 222 110 203 165 202 127 246 190 232 271 118 245 157 234 203 193 223 221 141 188 190 219 219 205 219 249 207 133 217 114 180 230 205 199 188 214 203 206 216 224 206 228 199 204 230 227 240 221 213 275 237 213 205 242 245 214 203 200 220 221 220 234 204 225 109 206 285 227 104 121 197 231 204 163 216 230 190 223 206 199 188 231 128 207 233 94 220 212 216 228 226 230 218 214 192 107 195 242 180 206 232 144 240 205 247 159 218 200 246 227 199 212 193 227 228 120 197 254 199 211 206 216 250 230 233 197 187 208 202 114 250 130 242 207 116 204 105 220 246 212 241 207 231 218 233 209 235 271 201 191 106 209 208 221 232 242 178 249 191 219 233 202 234 201 215 227 135 214 222 223 189 173 236 162 245 174 195 237 212 208 233 201 190 230 191 214 230 242 195 204 160 190 117 205 242 217 221 191 228 154 211 199 227 199 206 202 200 206 224
197 201 213 216 213 229 234 194 214 186 209 205 258 208 201 223 224 214 202 203 207 244 207 190 0 196 169 116 208 170 223 158 195 133 238 245 143 155 217 167 234 201 144 218 188 194 210 244 132 205 217 213 144 156 212 165 238 199 204 193 119 187 249 206 208 209 211 221 228 272 193 137 230 141 249 210 190 216 198 229 223 224 238 209 230 200 267 174 248 215 229 230 142 192 192 236 186 228 242 183 123 194 201 93 204 222 238 227 221 204 231 278 202 96 215 200 216 220 234 217 211 94 201 213 196 222 200 197 195 204 244 227 190 237 223 206 205 196 176 215 130 256 221 169 201 241 215 190 195 164 216 233 202 231 212 249 186 231 215 119 224 151 207 217 201 255 247 219 141 118 217 179 208 129 228 207 203 214 204 227 214 165 99 176 246 213 202 113 210 121 234 218 223 121 226 190 219 162 96 115 250 201 201 223 193 109 189 194 219 251 214 202 193 220 148 222 196 202 212 119 223 189 199 214 238 195 166 228 148 169 239 211 247 250 203 272 198 154 237 154 235 226 126 211 208 222 181 238 234 222 209 167 214 220 199 248 130 204 211 216 208 203 222 199 212 230 221 232 199 217 216 193 162 211 189 259 222 227 212 217 206 214 96 199 217 133 126 242 216 204 253 178 157 220 216 120 230 241 182 101 210 218 205 215 208 218 242 193 244 252 121 235 242 221 106 219 220 140 225 217 231 212
199 217 211 105 223 150 138 201 212 211 215 193 233 238 192 208 229 190 180 227 191 221 204 214 196 0 147 135 243 192 197 165 201 217 202 206 197 215 253 268 196 226 211 214 233 193 161 154 211 175 200 231 222 220 218 200 174 216 219 204 185 196 203 212 202 213 160 205 209 244 198 217 218 108 245 236 204 217 211 218 210 195 222 228 209 230 95 189 218 229 224 221 196 231 105 203 198 246 196 204 153 237 210 228 219 114 195 213 251 195 203 224 184 215 208 203 101 231 265 148 123 203 200 215 98 230 185 225 206 116 216 218 223 194 122 198 205 236 193 196 99 112 156 195 266 234 149 239 172 219 231 202 197 226 211 216 208 225 245 221 224 206 96 230 233 125 116 176 209 207 198 213 232 189 200 224 214 174 244 206 201 229 211 255 213 172 195 206 234 227 227 96 221 215 236 121 196 212 217 222 194 110 215 192 213 191 224 238 223 184 215 211 124 237 215 227 151 214 220 197 205 225 208 206 144 204 235 208 256 159 195 201 176 267 197 162 223 159 253 124 249 252 103 218 241 212 183 212 176 109 229 212 220 192 201 235 223 191 218 241 229 201 101 240 198 241 155 201 202 205 217 230 212 246 203 241 222 220 215 208 245 218 198 153 246 153 217 98 243 267 204 162 122 209 210 230 222 226 202 245 223 234 209 210 127 225 219 195 261 173 215 211 211 155 214 198 202 225 112 204 213 250
105 200 220 169 130 203 201 221 217 219 229 232 203 218 223 197 233 192 247 145 209 210 196 208 169 147 0 183 206 202 207 206 210 110 237 133 215 215 248 198 111 226 232 206 128 211 225 121 199 224 217 133 217 200 152 214 156 218 201 227 116 214 212 229 238 196 224 203 164 128 195 197 219 199 119 240 148 193 166 167 204 205 198 246 98 238 113 207 216 222 269 225 202 108 210 199 195 216 210 218 277 231 208 229 164 122 198 199 195 100 260 204 209 239 216 204 194 221 196 210 103 222 197 212 181 220 207 240 210 211 203 227 222 223 232 157 224 188 190 187 222 234 204 239 209 216 223 203 198 236 187 215 201 228 206 122 245 224 228 228 203 169 113 218 213 196 217 202 116 204 196 213 192 206 208 216 205 273 163 216 233 218 201 175 206 251 204 223 204 216 216 227 226 215 170 183 187 227 218 201 200 221 218 164 98 202 226 214 216 144 234 221 224 96 225 251 195 156 207 186 222 213 153 133 210 195 223 205 208 145 193 201 163 251 193 168 227 241 212 207 221 243 94 120 192 229 226 174 223 256 197 242 232 193 212 248 205 166 113 203 215 199 211 206 150 197 202 224 214 216 245 206 223 179 213 94 223 217 195 199 213 226 195 206 217 207 216 176 239 190 241 218 173 104 106 209 235 115 183 235 169 225 208 233 236 266 223 138 211 149 222 191 251 224 113 117 191 239 246 213 205 237
187 108 202 240 221 213 195 155 241 203 202 201 210 201 150 196 228 194 149 111 207 220 210 174 116 135 183 0 251 225 201 217 213 238 199 236 229 145 236 257 124 234 198 217 193 218 153 197 197 223 219 102 213 232 215 195 191 202 211 134 222 244 206 221 213 199 205 233 117 213 209 148 214 204 213 222 207 203 202 214 216 138 224 201 114 221 186 219 258 223 222 224 207 207 196 215 222 199 204 236 116 179 198 209 227 106 233 218 225 213 122 203 98 104 200 120 222 226 226 211 137 143 221 221 225 210 217 212 186 203 234 209 209 234 216 234 209 218 199 166 234 203 220 227 217 208 212 198 203 201 221 220 216 239 215 207 101 216 210 194 205 160 208 210 209 230 220 201 226 216 220 251 208 218 221 206 205 200 133 125 136 205 114 192 221 210 198 229 194 232 223 226 108 137 241 103 226 217 206 194 153 210 203 221 210 205 197 190 212 224 111 200 201 208 138 118 204 221 97 129 224 238 230 241 215 200 207 112 143 216 203 195 230 201 107 200 206 230 207 192 147 236 172 202 210 194 204 192 118 200 211 205 242 228 206 178 200 220 197 215 232 99 201 244 216 213 196 188 99 211 225 214 193 263 198 228 204 223 152 221 221 208 212 194 240 147 194 233 200 207 220 208 171 201 118 220 207 205 269 208 200 105 220 206 159 174 201 212 193 207 225 191 233 112 194 155 207 220 232 217 221 231
233 205 234 225 129 234 222 255 213 253 236 189 224 252 228 245 255 250 238 231 201 232 244 213 208 243 206 251 0 237 217 178 162 96 274 211 126 152 208 248 202 171 249 153 197 196 207 189 219 262 211 249 248 120 223 188 201 202 224 260 237 239 227 226 208 201 246 208 210 196 234 218 213 173 233 224 241 239 246 240 191 260 139 227 221 196 259 252 132 262 239 225 189 219 208 244 233 258 221 213 275 234 235 210 235 273 257 241 241 215 216 251 201 244 199 240 192 207 198 231 217 234 213 160 272 257 215 197 198 238 238 215 201 218 256 170 220 216 229 233 233 188 137 233 104 220 211 208 233 231 229 215 214 163 226 116 161 154 220 223 242 190 229 223 151 202 212 234 208 208 196 148 186 241 241 202 190 255 238 208 247 199 248 106 235 105 208 205 249 243 202 196 213 224 255 150 201 248 225 93 242 225 149 221 234 237 276 179 233 207 208 242 203 198 113 264 255 142 190 248 244 223 234 258 177 169 238 255 127 208 203 209 196 230 198 222 221 165 227 133 217 173 140 228 227 217 228 220 222 260 221 229 107 259 113 192 236 122 133 155 206 226 235 233 219 225 215 219 211 229 250 187 243 193 114 268 200 238 215 229 211 238 286 105 218 213 201 225 229 225 131 203 218 259 250 190 214 200 215 211 141 206 217 126 190 207 238 269 206 199 260 128 261 262 140 235 192 229 203 243 230 159
213 194 239 143 280 193 93 234 250 196 170 95 146 251 127 191 205 166 98 208 157 243 210 215 170 192 202 225 237 0 216 217 183 243 225 199 241 236 204 124 193 241 157 219 200 158 184 195 195 184 192 132 134 246 184 251 230 212 210 161 276 148 209 244 193 226 200 245 238 216 234 244 227 232 171 184 230 231 223 224 100 230 98 141 230 204 97 189 221 232 246 197 210 186 214 210 228 229 202 199 200 206 209 207 244 158 191 210 249 196 176 218 230 187 122 211 209 201 242 211 228 244 219 217 233 217 212 131 184 180 231 207 224 231 201 232 224 209 214 202 189 236 240 219 238 192 225 253 192 215 249 205 202 232 221 223 177 181 220 209 219 185 211 219 190 135 227 226 201 210 223 215 201 238 196 227 150 146 218 234 159 204 229 156 192 216 197 215 225 212 137 229 214 215 236 207 226 209 232 219 196 205 223 204 228 196 94 234 197 131 117 230 221 233 247 256 242 134 190 230 219 232 217 211 157 223 161 121 241 216 197 195 163 222 228 202 241 218 203 254 225 227 188 220 211 266 188 126 180 242 201 220 200 253 205 238 231 214 239 113 246 219 231 211 93 243 206 221 214 211 263 192 204 217 164 226 269 200 208 219 202 221 217 181 118 165 227 193 282 200 226 224 194 98 202 217 229 214 208 199 215 120 231 129 220 234 188 245 235 225 213 137 252 243 239 215 217 250 192 211 232 204
148 212 236 201 247 204 201 222 276 203 202 214 191 214 219 213 216 136 230 218 214 260 215 202 223 197 207 201 217 216 0 203 189 210 209 217 186 207 217 204 215 226 241 230 165 211 245 150 213 199 102 122 251 271 244 198 214 196 217 215 196 233 121 149 212 208 186 195 202 124 215 231 237 213 217 155 215 199 225 101 235 239 203 238 275 229 198 242 218 224 229 201 174 221 103 181 209 196 197 209 230 124 201 209 241 213 209 239 199 138 208 270 208 211 198 201 226 242 234 213 202 201 205 202 199 201 214 123 214 205 216 193 200 104 197 203 159 220 132 136 245 201 217 220 230 109 158 211 204 187 202 218 202 199 200 199 192 223 192 195 207 108 127 264 119 209 178 227 213 212 222 174 186 220 237 236 198 93 227 215 205 217 128 196 217 220 98 237 219 197 212 101 212 227 205 223 228 207 220 236 196 214 198 212 109 211 146 225 166 215 104 220 210 226 255 119 206 226 199 239 178 200 219 230 217 258 214 216 209 209 237 212 198 242 221 199 217 223 213 127 207 238 227 213 224 150 210 217 131 224 211 196 148 217 166 256 217 213 107 206 222 216 112 220 236 272 191 199 200 203 233 228 207 214 208 204 217 237 230 276 216 218 206 112 228 223 231 142 256 200 213 237 202 228 233 103 216 212 207 143 191 96 202 221 206 214 112 206 243 227 239 218 209 215 203 196 207 204 221 220 238 220
